13088078972 0 8793099336
13088078972 0 8793103368
13088078972 10272 8793101320
13088078972 10288 8793101320
13088078972 1048624 8657835080
13088078972 1048624 8792048648
13088078972 1048624 8792050696
13088078972 1048624 8792052808
13088078972 1056816 8657837064
13088078972 1056816 8792050696
13088078972 1056816 8792052744
13088078972 1056816 8792054792
13088078972 1058864 8792052744
13088078972 1060944 8792050700
13088078972 12336 8793099272
13088078972 32 8793099336
13088078972 32 8793103368
13088078972 32 8793103432
13088078972 48 8657835016
13088078972 48 8657835080
13088078972 8224 8792052760
13088078972 8224 8793101320
13088078972 8224 8793101336
13088078972 8224 8793103368
13088078972 8224 8793103384
13088078972 8240 8657835016
13088078972 8240 8658879496
13088078972 8240 8658883592
13088078972 8240 8792054792
13088078972 8304 8792054792
13088078972 8304 8793101320
