13298233573375 16446 202125056
13298233573375 16446 202127104
13298233573375 16446 202129152
13298233573375 16447 202129152
13298233573375 16447 202129216
13298233573375 16574 202129152
13298233573375 16574 202129216
13298233573375 16575 202129216
13298233573375 16575 202161984
13298233573375 2113727 202161984
13298233573375 2113727 206356288
13298233573375 270549183 206356288
13298233573375 270549183 743227200
13298233573375 34630287551 69462703936
13298233573375 34630287551 743227200
13298233573375 4432676798655 69462703936
13298233573375 63 202125056
13298233573375 63 202127104
13298233573375 63 202129152
