136068220 0 135009372
136068220 0 136057948
136068220 0 1842184
136068220 0 791624
136068220 10288 1840136
136068220 1056848 791592
136068220 2096 791560
136068220 2096 791616
136068220 2128 791560
136068220 32 1842184
136068220 32 1842248
136068220 48 1840192
136068220 48 1840200
136068220 48 791624
136068220 64 791584
136068220 64 791592
136068220 8192 135009340
136068220 8192 135009372
136068220 8192 136055852
136068220 8192 136057908
136068220 8192 136057916
136068220 8192 136059948
136068220 8224 1842184
136068220 8224 1842200
136068220 8240 1840136
136068220 8240 1842184
136068220 8256 135009340
136068220 8304 1840136
