136068216 0 135007328
136068216 0 135007336
136068216 0 135009336
136068216 0 135009368
136068216 0 135015456
136068216 0 136055912
136068216 0 136057912
136068216 0 136057944
136068216 1048576 791624
136068216 1048576 791632
136068216 1048576 791640
136068216 1056768 791640
136068216 1056832 791592
136068216 1056832 793640
136068216 12288 135007336
136068216 16 135007328
136068216 4096 135007328
136068216 4096 135007336
136068216 4096 135013408
136068216 64 791560
136068216 64 791592
136068216 8192 135007336
136068216 8192 135009336
136068216 8192 135009368
136068216 8192 136055880
136068216 8192 136055904
136068216 8192 136055912
136068216 8192 136057912
136068216 8208 136055904
136068216 8240 1842184
136068216 8256 791592
136068216 8256 793640
136068216 8272 791592
