136068732 0 135007844
136068732 0 135016036
136068732 0 136064612
136068732 0 1842692
136068732 0 787472
136068732 0 787476
136068732 0 791552
136068732 0 791568
136068732 0 791572
136068732 0 794180
136068732 1048576 794180
136068732 1048576 794196
136068732 1048584 794180
136068732 1048608 794180
136068732 1056768 794196
136068732 16 136060420
136068732 16 136060452
136068732 16 136060516
136068732 2048 787476
136068732 24 135007840
136068732 32 1842692
136068732 32 1842708
136068732 4096 135016020
136068732 4096 136064596
136068732 56 792132
136068732 56 794116
136068732 8 135007840
136068732 8 135007844
136068732 8192 135007844
136068732 8192 136056420
136068732 8192 136056436
136068732 8200 135007844
136068732 8200 136056416
136068732 8200 136056420
136068732 8208 135011940
136068732 8208 136056420
136068732 8216 136056416
136068732 8224 1840656
136068732 8224 792080
136068732 8240 1840128
136068732 8240 1840136
136068732 8248 1842692
136068732 8272 791584
136068732 8272 791592
136068732 8312 1840644
136068732 8 791568
