136068734 0 792082
136068734 10296 1840644
136068734 1048576 794194
136068734 1048584 794194
136068734 1056832 791572
136068734 1056832 792084
136068734 12 792080
136068734 2088 792068
136068734 32 787472
136068734 32 787476
136068734 32 791552
136068734 32 791568
136068734 32 791572
136068734 32 792082
136068734 32 792084
136068734 32 792086
136068734 40 791568
136068734 40 792082
136068734 48 1840192
136068734 48 791616
136068734 56 1840192
136068734 56 1840196
136068734 8200 1840128
136068734 8200 1840144
136068734 8200 791568
136068734 8224 1840662
136068734 8224 792086
136068734 8248 136060420
136068734 8248 1840132
136068734 8248 1840644
136068734 8248 1842180
136068734 8248 1842692
136068734 8288 792084
136068734 8296 792080
