136069119 0 135008098
136069119 0 1843073
136069119 1060940 790306
136069119 1060942 790448
136069119 12 135008096
136069119 12 135008098
136069119 12302 135008176
136069119 12302 136056752
136069119 12366 790320
136069119 12366 790448
136069119 14 135008176
136069119 14 135008224
136069119 14 135016416
136069119 14 136056800
136069119 14 136064992
136069119 15 135008224
136069119 15 136056800
136069119 28 135008096
136069119 30 135016416
136069119 30 136056800
136069119 30 136060896
136069119 30 136064992
136069119 32 1843073
136069119 32 1843089
136069119 4108 135008096
136069119 4108 135008098
136069119 4110 136056800
136069119 4110 136056816
136069119 4130 135016328
136069119 4130 135016392
136069119 4130 136064904
136069119 4130 136064968
136069119 4134 135016336
136069119 4134 136064912
136069119 4144 135016388
136069119 4144 136064964
136069119 4146 135014280
136069119 4146 135016328
136069119 4147 135016328
136069119 4147 136064904
136069119 4150 135016328
136069119 4150 136064904
136069119 4154 135016324
136069119 4154 136064900
136069119 8 135008098
136069119 8 135008114
136069119 8192 135007328
136069119 8192 135008098
136069119 8192 135008106
136069119 8192 136055904
136069119 8192 1840128
136069119 8192 791552
136069119 8200 135007840
136069119 8200 136055904
136069119 8200 136056416
136069119 8204 135008096
136069119 8204 135008098
136069119 8204 136056416
136069119 8204 136056672
136069119 8206 135008176
136069119 8206 135008224
136069119 8206 136056672
136069119 8206 136056752
136069119 8206 136056800
136069119 8206 136056816
136069119 8207 136056800
136069119 8222 135012320
136069119 8222 136056800
136069119 8254 1843073
136069119 8264 791584
136069119 8264 792096
136069119 8268 792096
136069119 8268 792352
136069119 8270 135008176
136069119 8270 136056752
136069119 8284 792352
136069119 8284 792354
136069119 8288 792337
136069119 8288 792341
136069119 8318 1843072
136069119 92 792322
136069119 92 792354
