136068990 0 135008098
136068990 0 135008106
136068990 0 136062762
136068990 0 1842946
136068990 0 792386
136068990 1056840 792096
136068990 1056840 792100
136068990 12 135008098
136068990 12 136056674
136068990 12300 135008098
136068990 16 135008098
136068990 2048 136062762
136068990 2048 136062778
136068990 32 1842946
136068990 32 1842962
136068990 4108 135008098
136068990 4108 136056674
136068990 4128 135016266
136068990 4128 136064842
136068990 4 135008098
136068990 4136 135016210
136068990 4136 136064786
136068990 4144 135016202
136068990 4144 136064778
136068990 4176 136064778
136068990 6160 136062730
136068990 8 135008114
136068990 8 136056690
136068990 8 136060770
136068990 8192 135008106
136068990 8192 136056674
136068990 8192 136056682
136068990 8196 136056674
136068990 8200 136056674
136068990 8204 135008098
136068990 8204 136056672
136068990 8204 136056674
136068990 8208 136056674
136068990 8220 136056672
136068990 8248 1840640
136068990 8248 1840644
136068990 8248 792068
136068990 8252 136060418
136068990 8256 794402
136068990 8260 794402
136068990 8280 792096
136068990 8280 792100
136068990 8284 792354
136068990 8284 794400
136068990 8316 1840898
136068990 8316 1842944
