136118271 0 794178
136118271 1048584 843331
136118271 1048584 843347
136118271 12 787984
136118271 12 791568
136118271 12 792064
136118271 12 792080
136118271 14 788240
136118271 14 792080
136118271 14 792336
136118271 2052 787472
136118271 2056 787472
136118271 2056 791552
136118271 2060 787984
136118271 32 788241
136118271 32 792337
136118271 46 792336
136118271 4 787472
136118271 4 791552
136118271 4 791568
136118271 60 792130
136118271 8252 1840896
136118271 8252 1842944
136118271 8254 1841024
136118271 8254 1842944
136118271 8254 1843072
136118271 8 787472
136118271 8 791552
136118271 8 791568
