17315937400 0 135007328
17315937400 0 135007336
17315937400 0 135009336
17315937400 1048576 135007336
17315937400 1048576 135009336
17315937400 1048576 135009368
17315937400 1052672 795680
17315937400 1056768 135009304
17315937400 1056800 135009304
17315937400 1056832 135009288
17315937400 1056832 135009304
17315937400 1060864 135007272
17315937400 12288 17315925032
17315937400 4096 135013376
17315937400 4096 135013408
17315937400 4096 795648
17315937400 4096 795680
17315937400 4160 135013376
17315937400 8192 17314876456
17315937400 8192 17315925032
17315937400 8192 17315929128
17315937400 8256 17315925032
