17315938303 0 135007328
17315938303 0 135013456
17315938303 0 135013968
17315938303 0 135015520
17315938303 0 796240
17315938303 1048576 135007328
17315938303 1048576 135011906
17315938303 1048576 135012162
17315938303 1048576 135012170
17315938303 1048576 798532
17315938303 1048580 135011922
17315938303 1048580 135012162
17315938303 1048580 135012178
17315938303 1048584 135007840
17315938303 1048584 135011922
17315938303 1048584 135012162
17315938303 1048584 135012178
17315938303 1048588 135008096
17315938303 1048588 135008098
17315938303 1048590 135008224
17315938303 1048592 135011914
17315938303 1048592 135012162
17315938303 1048592 135012170
17315938303 1048592 798532
17315938303 1048592 798660
17315938303 1048608 135012162
17315938303 1048608 135012290
17315938303 1048612 135012290
17315938303 1048624 135012292
17315938303 1052688 798660
17315938303 1052728 798468
17315938303 1052730 798596
17315938303 1056828 135012098
17315938303 1060864 135007264
17315938303 1060864 135008034
17315938303 1060864 135008042
17315938303 1060872 135007776
17315938303 1060876 135008032
17315938303 1060876 135008034
17315938303 1060878 135008160
17315938303 1060942 135008144
17315938303 12 135007840
17315938303 12 135008096
17315938303 12 135014224
17315938303 12 135016032
17315938303 12 135016272
17315938303 12 135016288
17315938303 14 135008096
17315938303 14 135008224
17315938303 14 135016288
17315938303 14 135016416
17315938303 16 135011906
17315938303 16 135011914
17315938303 2050 135014344
17315938303 2050 135018440
17315938303 2 135014344
17315938303 30 135008224
17315938303 30 135016416
17315938303 34 135014344
17315938303 34 135016392
17315938303 4098 135014344
17315938303 4098 135016392
17315938303 4100 135016016
17315938303 4100 135016272
17315938303 4104 135007840
17315938303 4110 135008224
17315938303 4112 135016388
17315938303 4 135013968
17315938303 4 135014224
17315938303 4144 135013898
17315938303 4144 135014154
17315938303 4145 135013898
17315938303 4145 135014154
17315938303 4146 135014152
17315938303 4146 135014280
17315938303 4147 135014280
17315938303 4147 135016328
17315938303 4150 135014280
17315938303 4150 135016328
17315938303 4152 798464
17315938303 4152 798468
17315938303 4154 135016320
17315938303 4154 135016324
17315938303 4154 798592
17315938303 4154 798596
17315938303 6176 135013904
17315938303 6176 796176
17315938303 6180 135014160
17315938303 6192 135013898
17315938303 6192 135014154
17315938303 6194 135014280
17315938303 8 135007328
17315938303 8 135007840
17315938303 8 135011906
17315938303 8 135011922
17315938303 8 135015520
17315938303 8 135016032
