17315938174 1048576 135012162
17315938174 1048576 135012170
17315938174 1048580 135012178
17315938174 1048584 135012178
17315938174 1048588 135008098
17315938174 1048592 135012170
17315938174 1048608 135012170
17315938174 1052720 798474
17315938174 1056824 135012100
17315938174 1060864 135008042
17315938174 1060876 135008034
17315938174 12 135008096
17315938174 12 135008098
17315938174 2048 135014218
17315938174 2048 135018314
17315938174 32 135014218
17315938174 32 135018314
17315938174 36 135014224
17315938174 36 135014226
17315938174 4128 135016210
17315938174 4140 135016208
17315938174 4144 135014154
17315938174 4144 135016202
17315938174 4152 135015940
17315938174 4152 135016192
17315938174 4152 135016196
17315938174 4176 136062730
17315938174 4176 136064778
17315938174 6224 136062730
