17315937916 0 135007844
17315937916 0 135013972
17315937916 0 135016036
17315937916 1048576 135007844
17315937916 1048576 135011908
17315937916 1048576 135011924
17315937916 1052672 796244
17315937916 1056768 135009300
17315937916 1056832 135009300
17315937916 1056832 135009812
17315937916 1060864 135007780
17315937916 1060872 135007780
17315937916 24 135007840
17315937916 24 135016032
17315937916 4096 135007844
17315937916 4096 135013968
17315937916 4096 135013972
17315937916 4096 135016020
17315937916 4096 795732
17315937916 4096 796240
17315937916 4096 796244
17315937916 4104 796240
17315937916 4128 135013396
17315937916 4128 135013904
17315937916 4128 135013908
17315937916 6176 135013908
17315937916 8248 136060420
