17383046782 0 17247769664
17383046782 1048576 17247769664
17383046782 1048576 17247769680
17383046782 1048576 787986
17383046782 1048576 792082
17383046782 1048576 792130
17383046782 1048576 792146
17383046782 1048588 792080
17383046782 1048588 792144
17383046782 1048600 17247770212
17383046782 1048600 17381987940
17383046782 1048608 787472
17383046782 1048608 787476
17383046782 1048608 791552
17383046782 1048608 791568
17383046782 1048608 791572
17383046782 1048608 792082
17383046782 1048608 792086
17383046782 1048616 791568
17383046782 1048616 792082
17383046782 1048632 17247778372
17383046782 1048632 17381987908
17383046782 1048632 202118660
17383046782 1048632 67900932
17383046782 1048640 791572
17383046782 1048648 791568
17383046782 1052720 67907072
17383046782 1052728 17247776260
17383046782 1052784 135007232
17383046782 1052784 17381985284
17383046782 1052784 17381985292
17383046782 1052784 202116096
17383046782 1052784 202116100
17383046782 1052784 67898368
17383046782 1052784 67898372
17383046782 1052792 17381985796
17383046782 1052792 202116096
17383046782 1052792 202116100
17383046782 1052792 202116608
17383046782 1052792 202116612
17383046782 1056768 202118144
17383046782 1056768 67900416
17383046782 1056768 67900946
17383046782 1056768 67900950
17383046782 1056768 792082
17383046782 1056768 792086
17383046782 1056776 792082
17383046782 1056792 202118660
17383046782 1056792 67900932
17383046782 1056800 135009814
17383046782 1056800 202118678
17383046782 1056800 67900950
17383046782 1056800 792086
17383046782 1056824 17381989892
17383046782 1056824 202118660
17383046782 1056824 202120708
17383046782 1056824 67902980
17383046782 1056832 135009300
17383046782 1056832 67900436
17383046782 1056840 135009296
17383046782 1056840 67900432
17383046782 1058872 202118660
17383046782 1060944 17247767564
17383046782 1060944 17381985284
17383046782 1060944 17381985292
17383046782 1060952 17381985796
17383046782 135266304 67903058
17383046782 135274496 67903058
17383046782 135274560 67900436
17383046782 135274560 67900948
17383046782 135274568 67900944
17383046782 135274592 67900950
17383046782 2104 17381996036
17383046782 32 787472
17383046782 32 791568
17383046782 4112 135013376
17383046782 4112 135015424
17383046782 4144 202124800
17383046782 4144 67907072
17383046782 4152 17381993988
17383046782 56 17247778308
17383046782 56 17381996036
17383046782 56 17381996100
17383046782 8 17247769664
17383046782 8 17247769680
17383046782 8192 787986
17383046782 8192 792082
17383046782 8204 792080
17383046782 8224 787472
17383046782 8224 791552
17383046782 8224 791568
17383046782 8224 792086
17383046782 8232 792082
17383046782 8256 791572
17383046782 8264 791568
