17383096319 1048588 787984
17383096319 1048588 791568
17383096319 1048588 791632
17383096319 1048588 792080
17383096319 1048588 792144
17383096319 1048590 788240
17383096319 1048590 792080
17383096319 1048590 792144
17383096319 1048590 792336
17383096319 1048590 792400
17383096319 1048608 788241
17383096319 1048608 792337
17383096319 1048620 792080
17383096319 1048622 792336
17383096319 1056768 792401
17383096319 1056782 792400
17383096319 1056800 792337
17383096319 1056800 792341
17383096319 1056828 135011842
17383096319 1056828 794114
17383096319 14 788240
17383096319 14 792336
17383096319 4188 67898882
17383096319 4188 67899138
17383096319 8252 792066
17383096319 8252 794114
