17383046268 0 203164744
17383046268 0 203168776
17383046268 0 67906572
17383046268 1048576 791572
17383046268 1048576 791580
17383046268 1048592 17247769704
17383046268 1048592 17247771724
17383046268 1048592 17381987432
17383046268 1048592 17381989444
17383046268 1048592 17381989452
17383046268 1048624 17247777864
17383046268 1048624 202118208
17383046268 1048624 202118216
17383046268 1048624 67900488
17383046268 1052784 17381985288
17383046268 1052784 202116096
17383046268 1052784 202116104
17383046268 1052784 202116108
17383046268 1056768 135009308
17383046268 1056768 791580
17383046268 1056816 202118152
17383046268 1056816 202120200
17383046268 1056832 135009288
17383046268 1056832 791560
17383046268 1058864 202118152
17383046268 1060944 17381985288
17383046268 12336 203164680
17383046268 12368 203164684
17383046268 16 17247771716
17383046268 16 17247771724
17383046268 32 203164744
17383046268 32 203168776
17383046268 32 203168840
17383046268 4208 135007244
17383046268 4208 67898380
17383046268 48 17381995592
17383046268 8224 203168776
17383046268 8224 203168792
17383046268 8304 202120200
17383046268 8304 203166728
