17383047038 0 67907330
17383047038 1048624 202118208
17383047038 1048624 67900480
17383047038 1048632 202118208
17383047038 1048632 202118212
17383047038 1048632 67900484
17383047038 1052784 17247768076
17383047038 1052784 17381985796
17383047038 1052784 17381985804
17383047038 1052792 17381985798
17383047038 1056772 67900946
17383047038 1056772 67901202
17383047038 1056824 135012096
17383047038 1056824 135012100
17383047038 1056824 17247772164
17383047038 1056824 17381987844
17383047038 1056824 17381989892
17383047038 1056824 202118148
17383047038 1056824 202118660
17383047038 1056824 67900932
17383047038 1056824 794372
17383047038 1056856 67900960
17383047038 1056856 67900964
17383047038 1060864 135008034
17383047038 1060864 135008042
17383047038 1060868 135008034
17383047038 1060876 135008032
17383047038 1060876 135008034
17383047038 1060876 790306
17383047038 1060952 17381985798
17383047038 1060976 67899146
17383047038 135274584 67900964
17383047038 24 17247770148
17383047038 32 67907330
17383047038 32 67907346
17383047038 4220 67899138
17383047038 8224 787986
17383047038 8224 792082
17383047038 8236 792080
