17383046264 0 135009360
17383046264 0 135015432
17383046264 0 17247769672
17383046264 0 17247769704
17383046264 0 17247771720
17383046264 0 17247771752
17383046264 0 17381985320
17383046264 0 17381993480
17383046264 0 67906568
17383046264 1048576 135009360
17383046264 1048576 135009368
17383046264 1048576 17247769704
17383046264 1048576 17247769720
17383046264 1048576 17247771720
17383046264 1048576 17247771752
17383046264 1048576 17247779912
17383046264 1048576 17381989448
17383046264 1048576 791568
17383046264 1048576 791576
17383046264 1048592 17247771720
17383046264 1048592 17381989448
17383046264 1048608 67904528
17383046264 1048608 67906568
17383046264 1048624 17247779848
17383046264 1048624 202118152
17383046264 1048624 202120200
17383046264 1048624 67902472
17383046264 1048640 791568
17383046264 1048640 791576
17383046264 1052784 135007240
17383046264 1052784 202116104
17383046264 1056768 135009296
17383046264 1056768 135009304
17383046264 1056768 17247771688
17383046264 1056768 17381989416
17383046264 1056768 791576
17383046264 1056768 791632
17383046264 1056800 135009296
17383046264 1056816 202120200
17383046264 1056832 135009296
17383046264 1056832 135009304
17383046264 1056832 791576
17383046264 1058880 135009288
17383046264 1060864 135007264
17383046264 1060864 135007272
17383046264 1060864 789544
17383046264 1060880 135007264
17383046264 135274496 67900496
17383046264 16 17247769672
17383046264 16 17247769704
17383046264 16 17247771720
17383046264 16 17381985288
17383046264 32 135015432
17383046264 32 17247773712
17383046264 32 17381991440
17383046264 32 202116104
17383046264 32 202122256
17383046264 32 202124296
17383046264 32 67904528
17383046264 32 67906568
17383046264 4128 135013392
17383046264 4128 202122256
17383046264 4128 202124296
17383046264 4128 67904528
17383046264 4208 67898376
17383046264 4208 67906560
17383046264 48 17247769672
17383046264 48 17247779848
17383046264 48 17381995592
17383046264 64 17381985288
17383046264 64 17381993480
17383046264 8192 17247771752
17383046264 8192 17381985320
17383046264 8192 17381989416
17383046264 8192 791568
17383046264 8192 791616
17383046264 8192 791632
17383046264 8224 203168792
