17383046780 0 17247772228
17383046780 0 17247772260
17383046780 0 17381985288
17383046780 0 17381985828
17383046780 0 17381989956
17383046780 0 17381996100
17383046780 0 17381998148
17383046780 0 202116616
17383046780 1048576 17247772228
17383046780 1048576 17247772260
17383046780 1048576 17381985828
17383046780 1048576 17381989956
17383046780 1048576 17381989988
17383046780 1048576 787476
17383046780 1048576 791572
17383046780 1048584 791568
17383046780 1048592 17247772228
17383046780 1048592 17247780356
17383046780 1048592 17247780420
17383046780 1048592 17381989956
17383046780 1048600 17381987940
17383046780 1048600 17381989956
17383046780 1048624 17247780420
17383046780 1048624 17381989956
17383046780 1048624 202118152
17383046780 1048624 67900424
17383046780 1048632 17247780356
17383046780 1048632 202118660
17383046780 1048632 202120708
17383046780 1048632 67902980
17383046780 1052784 202116608
17383046780 1052784 202116616
17383046780 1052792 202116612
17383046780 1056768 135009300
17383046780 1056768 17247772196
17383046780 1056768 17247772228
17383046780 1056768 17381989924
17383046780 1056768 67900436
17383046780 1056768 67900948
17383046780 1056768 791572
17383046780 1056792 202118660
17383046780 1056792 202120708
17383046780 1056792 67902980
17383046780 1056816 202118144
17383046780 1056816 202118152
17383046780 1056816 67900424
17383046780 1056824 202120708
17383046780 1060864 135007780
17383046780 1060872 135007776
17383046780 1060872 135007780
17383046780 1060888 135007776
17383046780 1060944 135007752
17383046780 1060944 17247767560
17383046780 1060944 17381985288
17383046780 1060944 17381985292
17383046780 1060944 17381985796
17383046780 1060944 202116608
17383046780 1060944 202116616
17383046780 1060944 67898888
17383046780 1060976 17247767560
17383046780 1060976 17381985280
17383046780 1060976 202116608
17383046780 12336 202116104
17383046780 12336 203162632
17383046780 12336 203164680
17383046780 135266304 67902548
17383046780 135266304 67903044
17383046780 135266304 67903060
17383046780 135266312 67903044
17383046780 135266336 67903044
17383046780 135274496 67903044
17383046780 135274496 67903060
17383046780 16 17247769664
17383046780 16 17247769672
17383046780 16 17247772164
17383046780 16 17247772196
17383046780 16 17247780420
17383046780 16 17381985828
17383046780 16 17381996100
17383046780 16 17381998084
17383046780 16 17381998148
17383046780 2048 17381996100
17383046780 24 17247780356
17383046780 24 17247780420
17383046780 24 17381998084
17383046780 24 17381998148
17383046780 4096 17381985828
17383046780 4128 17381993992
17383046780 4128 17381994008
17383046780 4152 17381993988
17383046780 4208 202116608
17383046780 4208 202124800
17383046780 48 17247780356
17383046780 48 17247780420
17383046780 48 17381998084
17383046780 48 17381998148
17383046780 56 17247770180
17383046780 56 17247780356
17383046780 56 17381996036
17383046780 56 17381996100
17383046780 64 17247772164
17383046780 64 17247780356
17383046780 72 17247780356
17383046780 72 17381998084
17383046780 80 17247772196
17383046780 80 17381989924
17383046780 8 17247772260
17383046780 8 17381989956
17383046780 8 17381989988
17383046780 8192 17247772164
17383046780 8192 17247772196
17383046780 8192 17381985828
17383046780 8192 17381989924
17383046780 8192 787476
17383046780 8192 791572
17383046780 8200 791568
17383046780 8208 17381985828
17383046780 8208 17381989924
17383046780 8216 17247770148
17383046780 8304 202116104
17383046780 8304 202118152
17383046780 8304 202120192
17383046780 8304 202120200
17383046780 96 17247780356
17383046780 96 17381998084
