17383047167 1048591 792336
17383047167 1048591 792400
17383047167 1048636 792322
17383047167 1048636 794370
17383047167 1056768 792082
17383047167 1056780 792080
17383047167 1056828 135012098
17383047167 1056828 794370
17383047167 1060864 135007264
17383047167 1060864 135008034
17383047167 1060864 789536
17383047167 1060864 790306
17383047167 1060872 135007264
17383047167 1060872 135007776
17383047167 1060872 790048
17383047167 1060876 135007776
17383047167 1060876 135008032
17383047167 1060876 790304
17383047167 1060876 790306
17383047167 1060878 135008032
17383047167 1060878 135008160
17383047167 1060878 790432
17383047167 1060892 135008032
17383047167 1060894 135008160
17383047167 1060956 17381985794
17383047167 1060956 17381986050
17383047167 12288 790306
17383047167 12316 790304
17383047167 30 135008224
17383047167 4096 795728
17383047167 4096 796240
17383047167 8204 787984
17383047167 8204 791568
17383047167 8204 792064
17383047167 8204 792080
17383047167 8206 788240
17383047167 8206 792080
17383047167 8206 792336
17383047167 8207 792336
17383047167 8224 788241
17383047167 8224 792337
17383047167 8238 792336
