17383046776 0 135015944
17383046776 0 203164744
17383046776 0 203168776
17383046776 0 67907080
17383046776 1048576 67907080
17383046776 1048592 17247769704
17383046776 1048592 17381987432
17383046776 1048608 67907080
17383046776 1048608 791568
17383046776 1048608 791576
17383046776 1048624 17247777864
17383046776 1048624 202118152
17383046776 1048624 202118208
17383046776 1048624 202118216
17383046776 1048624 67900424
17383046776 1048624 67900488
17383046776 1052720 67907080
17383046776 1052784 135007752
17383046776 1052784 17381985288
17383046776 1052784 202116096
17383046776 1052784 202116104
17383046776 1052784 202116616
17383046776 1052784 67898888
17383046776 1056800 135009304
17383046776 1056800 202118144
17383046776 1056800 202118160
17383046776 1056800 202118672
17383046776 1056800 67900432
17383046776 1056800 67900944
17383046776 1056800 791576
17383046776 1056816 202118152
17383046776 1056816 202120200
17383046776 1060944 17381985288
17383046776 1060944 202116616
17383046776 12336 203164680
17383046776 32 135015944
17383046776 32 202124808
17383046776 32 203164744
17383046776 32 203168776
17383046776 32 203168840
17383046776 32 67907080
17383046776 4128 202124808
17383046776 4144 135015944
17383046776 4144 202124800
17383046776 4144 202124808
17383046776 4144 67907080
17383046776 4208 135015936
17383046776 4208 67898888
17383046776 4208 67907072
17383046776 48 17381995592
17383046776 8224 203168776
17383046776 8224 203168792
17383046776 8256 791560
17383046776 8256 791568
17383046776 8256 791576
17383046776 8304 202120200
17383046776 8304 203166728
