17383046783 0 17247776266
17383046783 1048576 792146
17383046783 1048588 792144
17383046783 1052788 202116610
17383046783 1052792 202116098
17383046783 1052792 202116102
17383046783 1060948 202116610
17383046783 12288 202116642
17383046783 12288 202116650
17383046783 32 17247776266
17383046783 32 17381993994
17383046783 4208 17247768074
17383046783 8192 202120770
17383046783 8196 202120770
17383046783 8196 202120786
17383046783 8200 202120770
17383046783 8200 202120786
17383046783 8224 202120706
17383046783 8224 202120722
17383046783 8228 202120722
17383046783 8228 203169298
17383046783 8232 202120722
17383046783 8232 203169298
17383046783 8252 202120706
17383046783 8308 203169282
