17383046270 0 17247775756
17383046270 0 203168780
17383046270 10240 791552
17383046270 1048576 787472
17383046270 1048576 787476
17383046270 1048576 791552
17383046270 1048576 791568
17383046270 1048576 791572
17383046270 1048576 791632
17383046270 1048584 791568
17383046270 1048608 791568
17383046270 1052784 17381985292
17383046270 1052784 202116100
17383046270 1052784 202116108
17383046270 1052792 202116100
17383046270 1056768 135009296
17383046270 1056768 135009300
17383046270 1056768 791568
17383046270 1056768 791572
17383046270 1056776 135009296
17383046270 1056800 135009296
17383046270 1056800 135009300
17383046270 1056800 202118164
17383046270 1056800 67900436
17383046270 1056800 791568
17383046270 1056800 791572
17383046270 1056808 135009296
17383046270 1060944 17381985284
17383046270 1060944 17381985292
17383046270 12368 202116108
17383046270 12368 203164684
17383046270 135274592 67900436
17383046270 16 17381985316
17383046270 32 17247775756
17383046270 32 17381993484
17383046270 32 203168780
17383046270 32 203168844
17383046270 4128 17381993484
17383046270 4128 17381993500
17383046270 4208 17247767564
17383046270 4208 17247775748
17383046270 8192 787472
17383046270 8192 787476
17383046270 8192 791552
17383046270 8192 791568
17383046270 8192 791572
17383046270 8200 791568
17383046270 8208 17381985316
17383046270 8224 203168780
17383046270 8224 203168796
17383046270 8224 787476
17383046270 8224 791572
17383046270 8232 791568
17383046270 8304 202120204
