1850494 0 1840148
1850494 0 1848340
1850494 0 787472
1850494 0 787476
1850494 0 791552
1850494 0 791568
1850494 0 791572
1850494 0 791616
1850494 0 791620
1850494 0 791632
1850494 0 791636
1850494 0 795700
1850494 10240 1840128
1850494 12288 1838116
1850494 12288 1838124
1850494 12304 1838116
1850494 2048 787472
1850494 2048 787476
1850494 2048 791552
1850494 2112 791552
1850494 32 1840148
1850494 32 1848340
1850494 32 1848348
1850494 32 791568
1850494 32 791572
1850494 56 1840196
1850494 6144 795668
1850494 64 791552
1850494 64 791568
1850494 64 791572
1850494 72 791568
1850494 8 1842244
1850494 8192 1840128
1850494 8192 1840144
1850494 8192 1840148
1850494 8192 791568
1850494 8192 791572
1850494 8200 1840144
1850494 8256 1840128
1850494 8256 1840144
1850494 8256 1840148
1850494 8256 791568
1850494 8256 791572
1850494 8264 1840144
1850494 8288 791572
1850494 8 791568
1850494 8 791632
1850494 96 1840148
