1850492 0 1838188
1850492 0 1840220
1850492 0 1842244
1850492 0 791572
1850492 0 791580
1850492 0 791588
1850492 0 791604
1850492 0 791644
1850492 10240 1840168
1850492 10240 791592
1850492 12288 1838124
1850492 16 1840200
1850492 16 1842244
1850492 16 1842252
1850492 16 791560
1850492 16 791584
1850492 16 791592
1850492 16 791624
1850492 2064 1840200
1850492 2064 791560
1850492 32 791580
1850492 6160 795656
1850492 64 791572
1850492 64 791580
1850492 8192 1840156
1850492 8192 1840188
1850492 8192 791580
1850492 8192 791644
1850492 8208 1840160
1850492 8208 1840168
1850492 8208 791592
1850492 8224 1840156
1850492 8224 1842200
1850492 8240 1842184
1850492 8256 1840148
1850492 8256 1840156
1850492 8256 791580
