1850488 0 1840144
1850488 0 1840184
1850488 0 1840192
1850488 0 1840200
1850488 0 1840208
1850488 0 1840216
1850488 0 1840232
1850488 0 1840248
1850488 0 1842184
1850488 0 1842216
1850488 0 1842248
1850488 0 1842280
1850488 0 1844312
1850488 0 791568
1850488 0 791576
1850488 0 791584
1850488 0 791592
1850488 0 791608
1850488 0 791624
1850488 0 791632
1850488 0 791640
1850488 0 793640
1850488 0 793672
1850488 0 795664
1850488 0 795688
1850488 0 795696
1850488 10240 1840168
1850488 10256 1840160
1850488 16 1840200
1850488 16 1840232
1850488 16 1842184
1850488 16 1842248
1850488 16 791592
1850488 16 793608
1850488 16 793672
1850488 16 797728
1850488 2048 1840168
1850488 2048 1840200
1850488 2048 1840232
1850488 2048 791592
1850488 2048 791624
1850488 2048 795688
1850488 2048 795696
1850488 2048 795704
1850488 2064 791584
1850488 2096 1840192
1850488 2112 791560
1850488 2112 791592
1850488 32 1840144
1850488 32 1840192
1850488 32 1840200
1850488 32 791576
1850488 32 791624
1850488 4096 795648
1850488 4096 795664
1850488 4096 795680
1850488 4096 795696
1850488 4112 795680
1850488 4112 797696
1850488 4160 787488
1850488 4160 795664
1850488 4176 797696
1850488 48 1840200
1850488 6144 795664
1850488 6144 795680
1850488 6160 795680
1850488 64 1842184
1850488 64 1842216
1850488 64 791568
1850488 64 791576
1850488 64 791608
1850488 64 793640
1850488 64 795664
1850488 80 1840168
1850488 80 791592
1850488 80 793608
1850488 8192 1840144
1850488 8192 1840152
1850488 8192 1840168
1850488 8192 1840184
1850488 8192 1842184
1850488 8192 1842216
1850488 8192 791576
1850488 8192 791592
1850488 8192 791608
1850488 8192 791624
1850488 8192 791632
1850488 8192 791640
1850488 8192 793640
1850488 8192 793672
1850488 8208 1840168
1850488 8208 1842184
1850488 8224 1840144
1850488 8224 1840152
1850488 8256 1840144
1850488 8256 1840152
1850488 8256 791576
1850488 8256 791608
1850488 8256 793640
1850488 8272 1842184
