1851260 0 1838932
1851260 0 798532
1851260 10264 1840644
1851260 12288 1838864
1851260 12288 1838868
1851260 12288 1838896
1851260 12288 1838900
1851260 12296 1838864
1851260 12296 1838884
1851260 12296 1838896
1851260 12320 1838868
1851260 12352 1838868
1851260 16 792352
1851260 2072 792068
1851260 24 1840676
1851260 24 792068
1851260 24 792096
1851260 24 792100
1851260 32 798532
1851260 4096 1838932
1851260 4096 1847124
1851260 4128 795668
1851260 4128 796176
1851260 4128 796180
1851260 4128 798228
1851260 4152 798468
1851260 4160 1838864
1851260 4160 1838868
1851260 64 794400
1851260 8192 1838932
1851260 8192 1838964
1851260 8192 1842976
1851260 8192 794400
1851260 8200 1842976
1851260 8200 1842980
1851260 8200 794404
1851260 8216 1840644
1851260 8216 1840672
1851260 8216 1840676
1851260 8216 792100
1851260 8240 1842700
1851260 8248 1842692
1851260 8264 792096
1851260 8264 792100
1851260 8280 1840644
1851260 8280 792100
