1851262 0 1838898
1851262 0 1840962
1851262 0 1847106
1851262 0 1847110
1851262 0 792082
1851262 0 792354
1851262 0 794402
1851262 10268 1840928
1851262 12288 1838882
1851262 12288 1838890
1851262 12288 1838896
1851262 12288 1838898
1851262 12288 790306
1851262 12288 790314
1851262 12292 1838882
1851262 12292 1838896
1851262 12292 1838898
1851262 12296 1838880
1851262 12296 1838882
1851262 12296 1838884
1851262 12296 1838898
1851262 12296 790322
1851262 12304 1838882
1851262 12316 1838880
1851262 12320 1838864
1851262 12320 1838868
1851262 12320 790292
1851262 12352 790322
1851262 12 792080
1851262 16 1840962
1851262 16 1842946
1851262 16 1842978
1851262 16 1847106
1851262 16 1847110
1851262 16 1847114
1851262 16 1847142
1851262 2076 792352
1851262 24 1843010
1851262 24 1843042
1851262 28 792354
1851262 32 1838930
1851262 32 1847106
1851262 32 1847110
1851262 32 1847122
1851262 32 1847126
1851262 36 798544
1851262 36 798546
1851262 4096 1838930
1851262 4096 1847106
1851262 4096 1847110
1851262 4096 1847114
1851262 4096 1847122
1851262 4096 798546
1851262 4100 1838930
1851262 4100 1838962
1851262 4100 796498
1851262 4100 798544
1851262 4100 798546
1851262 4104 1847122
1851262 4104 798546
1851262 4108 798544
1851262 4128 790290
1851262 4128 798482
1851262 4132 796498
1851262 4136 1847058
1851262 4136 790034
1851262 4136 798226
1851262 4136 798482
1851262 4140 798480
1851262 4152 1847106
1851262 4156 1847042
1851262 4 1842946
1851262 4 1842978
1851262 4 1847106
1851262 4196 796434
1851262 4208 796426
1851262 4208 798466
1851262 4216 1847042
1851262 4 796496
1851262 4 796498
1851262 48 1842756
1851262 48 794180
1851262 60 1840706
1851262 6148 796498
1851262 6180 796434
1851262 64 1842722
1851262 64 1842946
1851262 64 1842978
1851262 72 1842706
1851262 72 1842962
1851262 80 1842946
1851262 80 1842954
1851262 8 1842690
1851262 8 1842706
1851262 8 1842946
1851262 8 1842978
1851262 8 1847106
1851262 8 1847122
1851262 8192 1838882
1851262 8192 1840930
1851262 8192 1842946
1851262 8192 1842978
1851262 8196 1842978
1851262 8196 794402
1851262 8200 1842978
1851262 8200 794402
1851262 8208 1840930
1851262 8208 1842978
1851262 8220 1840930
1851262 8240 1842690
1851262 8240 1842692
1851262 8240 1842698
1851262 8240 1842700
1851262 8248 1840644
1851262 8248 1842692
1851262 8252 1842690
1851262 8264 794402
1851262 8272 794402
1851262 96 1842962
