1851006 0 1840144
1851006 0 1840658
1851006 0 1842706
1851006 0 792150
1851006 10264 1840644
1851006 10264 792068
1851006 104 792082
1851006 104 798226
1851006 12288 1838116
1851006 12288 1838646
1851006 12296 1838116
1851006 12296 1838628
1851006 12296 1838630
1851006 12312 1838112
1851006 16 1838598
1851006 16 1838630
1851006 16 1842690
1851006 16 1842754
1851006 16 794178
1851006 16 798278
1851006 16 798310
1851006 2048 791588
1851006 2048 792100
1851006 2048 796272
1851006 2048 796276
1851006 2072 792068
1851006 24 1840676
1851006 24 1842722
1851006 24 1842754
1851006 24 1842758
1851006 24 792068
1851006 24 792096
1851006 24 792100
1851006 32 1846790
1851006 32 798278
1851006 32 798294
1851006 4096 1838630
1851006 4096 1838646
1851006 4112 1838630
1851006 4128 796176
1851006 4128 796180
1851006 4128 798224
1851006 4128 798228
1851006 64 1842690
1851006 64 1842706
1851006 64 1842710
1851006 64 1842722
1851006 72 1842722
1851006 72 1842726
1851006 80 1838630
1851006 8192 1838630
1851006 8192 1840658
1851006 8192 1840662
1851006 8192 1842726
1851006 8192 792082
1851006 8200 1838626
1851006 8200 1838630
1851006 8200 1840658
1851006 8200 1842722
1851006 8200 1842726
1851006 8204 1840656
1851006 8208 1838630
1851006 8208 1842726
1851006 8208 794178
1851006 8216 1840644
1851006 8216 1840672
1851006 8216 1840676
1851006 8216 792100
1851006 8240 1842700
1851006 8248 1842692
1851006 8256 792082
1851006 8256 792086
1851006 8264 1838630
1851006 8264 792082
1851006 8264 792096
1851006 8264 792100
1851006 8280 1840644
1851006 8280 792100
1851006 8288 1842690
1851006 8288 791568
1851006 8288 792082
1851006 8288 792086
1851006 8 791588
1851006 8 792100
1851006 8 792132
1851006 88 792068
1851006 88 792096
1851006 88 792100
1851006 96 1838614
1851006 96 792086
1851006 96 798230
