1851391 0 1841089
1851391 0 1841129
1851391 0 1843073
1851391 0 1843104
1851391 0 1843105
1851391 0 1843136
1851391 0 1843137
1851391 0 792353
1851391 0 794528
1851391 0 798288
1851391 12288 1838881
1851391 12288 1838885
1851391 12288 1838992
1851391 12288 790314
1851391 12290 1838881
1851391 12292 1838882
1851391 12292 790306
1851391 12296 790306
1851391 12296 790322
1851391 12302 1838880
1851391 12302 1838896
1851391 12303 1838864
1851391 12303 1838896
1851391 12304 790306
1851391 12318 1838880
1851391 12320 790289
1851391 12320 790293
1851391 12334 1838992
1851391 12352 1838992
1851391 12352 790306
1851391 12352 790322
1851391 12366 1838864
1851391 12366 1838992
1851391 12366 790448
1851391 12382 1838976
1851391 12 796496
1851391 12 798544
1851391 14 1839024
1851391 14 1839056
1851391 14 788240
1851391 14 792080
1851391 14 792320
1851391 14 792336
1851391 14 792400
1851391 15 792336
1851391 15 792400
1851391 16 1841089
1851391 16 1843073
1851391 16 1843105
1851391 16 1843136
1851391 16 1843137
1851391 16 1843168
1851391 16 1843169
1851391 18 1843137
1851391 18 1843169
1851391 20 1843137
1851391 20 1843145
1851391 2054 796656
1851391 2054 796664
1851391 2064 1841121
1851391 2078 792352
1851391 2 1843073
1851391 2 1843105
1851391 2 1843136
1851391 2 1843168
1851391 24 1843137
1851391 24 1843141
1851391 29 792322
1851391 29 792352
1851391 29 792354
1851391 30 1839008
1851391 30 1843104
1851391 30 1847264
1851391 31 1842976
1851391 31 794400
1851391 32 1843145
1851391 32 1851337
1851391 32 798546
1851391 38 798544
1851391 38 798672
1851391 4096 798546
1851391 4098 1845208
1851391 4098 1847256
1851391 4100 796496
1851391 4100 796498
1851391 4100 798288
1851391 4100 798544
1851391 4102 796624
1851391 4102 798544
1851391 4102 798672
1851391 4103 796624
1851391 4103 798672
1851391 4108 796496
1851391 4108 798544
1851391 4110 1839056
1851391 4110 1839088
1851391 4110 796624
1851391 4110 798544
1851391 4110 798672
1851391 4126 1839072
1851391 4128 796176
1851391 4128 796240
1851391 4128 798224
1851391 4132 796496
1851391 4134 796624
1851391 4144 1847176
1851391 4144 796170
1851391 4144 796426
1851391 4151 1847168
1851391 4152 1847172
1851391 4152 798212
1851391 4152 798464
1851391 4152 798468
1851391 4154 1847172
1851391 4154 798596
1851391 4155 1847168
1851391 4156 1847170
1851391 4157 1847168
1851391 4166 1838865
1851391 4166 1838993
1851391 4 1843073
1851391 4 1843105
1851391 4196 796432
1851391 4196 796434
1851391 4198 796560
1851391 4208 796170
1851391 4208 796426
1851391 4208 798464
1851391 4210 796552
1851391 4210 798592
1851391 44 798544
1851391 46 792336
1851391 4 796240
1851391 4 796496
1851391 4 798288
1851391 4 798544
1851391 6150 796624
1851391 6180 796432
1851391 6182 796560
1851391 64 1843073
1851391 64 1843081
1851391 64 794528
1851391 65 794402
1851391 6 796496
1851391 6 796528
1851391 6 796624
1851391 6 796656
1851391 8 1843073
1851391 8 1843105
1851391 8192 1843073
1851391 8192 1843105
1851391 8208 1840128
1851391 8208 1840160
1851391 8208 791584
1851391 8216 1840160
1851391 8216 1840672
1851391 8216 792096
1851391 8220 1840672
1851391 8220 1840928
1851391 8220 792322
1851391 8220 792352
1851391 8220 792354
1851391 8222 1839008
1851391 8222 1840928
1851391 8222 1842976
1851391 8222 1843104
1851391 8222 794400
1851391 8223 1842976
1851391 8236 1840913
1851391 8236 1842961
1851391 8236 794385
1851391 8252 1840898
1851391 8252 1842944
1851391 8252 1842946
1851391 8270 1840656
1851391 8270 1840896
1851391 8270 1840912
1851391 8271 1840912
1851391 8286 794528
1851391 8 792353
1851391 8 792357
1851391 92 792352
1851391 92 792354
1851391 93 792354
1851391 94 1842976
1851391 94 1843104
1851391 95 794400
1851391 96 1842946
1851391 96 1843074
1851391 96 1843089
