1851263 0 792386
1851263 0 792402
1851263 12288 1838865
1851263 12288 1838882
1851263 12288 1838897
1851263 12288 790306
1851263 12292 1838865
1851263 12292 1838867
1851263 12292 1838897
1851263 12292 1838899
1851263 12302 1838864
1851263 12302 1838896
1851263 12324 1838867
1851263 12352 1838865
1851263 12352 1838867
1851263 12356 1838865
1851263 12356 1838867
1851263 14 792336
1851263 14 792400
1851263 2052 796496
1851263 2052 796498
1851263 2052 796528
1851263 2052 796530
1851263 2076 792322
1851263 28 792322
1851263 28 792352
1851263 28 792354
1851263 4100 1838931
1851263 4100 1847123
1851263 4144 796426
1851263 4144 798474
1851263 4152 1847042
1851263 4152 1847106
1851263 4156 1847042
1851263 4156 798466
1851263 4164 1838865
1851263 4164 1838867
1851263 4 1838931
1851263 4196 1838865
1851263 4196 1838867
1851263 8204 1840656
1851263 8204 1842977
1851263 8204 1842979
1851263 8204 792080
1851263 8220 1840928
1851263 8220 1840930
1851263 8220 792354
1851263 8222 1842976
1851263 8252 1842946
1851263 8270 1840912
