1851000 0 1838696
1851000 0 1840152
1851000 0 1840168
1851000 0 1842688
1851000 0 1842752
1851000 0 1842760
1851000 0 1842792
1851000 0 794176
1851000 12288 1838632
1851000 16 1842752
1851000 16 1842760
1851000 16 791560
1851000 16 791584
1851000 16 791592
1851000 32 1842760
1851000 48 1842752
1851000 64 1842720
1851000 64 1842728
1851000 64 791560
1851000 64 791592
1851000 80 1842720
1851000 8192 1840128
1851000 8192 1840144
1851000 8192 1842688
1851000 8192 791568
1851000 8192 794176
1851000 8208 1840160
1851000 8208 1840168
1851000 8208 791592
1851000 8240 1842184
1851000 8256 1838632
1851000 8256 791592
1851000 8288 791576
1851000 96 791560
1851000 96 791576
