1851004 0 1840660
1851004 0 1840708
1851004 0 1842692
1851004 0 1842724
1851004 0 1842756
1851004 0 791604
1851004 0 791636
1851004 0 792100
1851004 0 794148
1851004 0 794196
1851004 0 796244
1851004 10240 1840676
1851004 10256 1840676
1851004 10264 1840672
1851004 10264 792096
1851004 12288 1838116
1851004 12288 1838124
1851004 12288 1838624
1851004 12288 1838632
1851004 12288 1838644
1851004 12296 1838628
1851004 16 1840168
1851004 16 1840708
1851004 16 1842692
1851004 16 1842724
1851004 16 1842756
1851004 16 790116
1851004 16 792100
1851004 16 794148
1851004 16 794180
1851004 16 798276
1851004 16 798308
1851004 2048 1840708
1851004 2072 792096
1851004 24 1840676
1851004 24 1842756
1851004 24 792100
1851004 24 794116
1851004 24 794180
1851004 32 1850884
1851004 32 791572
1851004 32 794180
1851004 32 798288
1851004 32 798292
1851004 4096 796244
1851004 4096 796276
1851004 4112 790116
1851004 4128 796180
1851004 4128 796244
1851004 4128 798228
1851004 4136 798224
1851004 4192 796176
1851004 4192 796180
1851004 48 1840192
1851004 48 1840200
1851004 48 1842756
1851004 56 1840196
1851004 56 1840708
1851004 56 1842692
1851004 6144 796244
1851004 6160 796168
1851004 6176 796180
1851004 64 1842692
1851004 64 1842708
1851004 64 1842724
1851004 64 794148
1851004 8 1840708
1851004 8 1842692
1851004 8 1842724
1851004 8 1842756
1851004 8192 1840148
1851004 8192 1840676
1851004 8192 1840692
1851004 8192 1842692
1851004 8192 1842724
1851004 8192 791572
1851004 8192 791588
1851004 8192 792100
1851004 8192 794148
1851004 8200 1840676
1851004 8200 1842724
1851004 8200 794148
1851004 8208 1840676
1851004 8208 1842724
1851004 8208 792100
1851004 8208 794148
1851004 8208 794180
1851004 8216 1840676
1851004 8216 1842692
1851004 8240 1840136
1851004 8240 1842184
1851004 8240 1842696
1851004 8248 1842180
1851004 8256 1840148
1851004 8256 794148
1851004 8264 1840144
1851004 8272 791592
1851004 8280 1842692
1851004 8288 792084
1851004 8 791600
1851004 8 794180
1851004 8 796240
1851004 88 1840676
1851004 88 792100
1851004 88 794116
1851004 96 1842708
