1867775 12302 1838864
1867775 12302 790288
1867775 12334 1838864
1867775 12334 1838992
1867775 12431 1838896
1867775 143 792336
1867775 4110 790288
1867775 4110 798480
1867775 4134 796432
1867775 4134 796560
1867775 4135 796560
1867775 4135 798480
1867775 4135 798608
1867775 4136 796176
1867775 4136 797712
1867775 4136 798224
1867775 4140 796432
1867775 4140 798224
1867775 4140 798480
1867775 4142 796560
1867775 4142 798480
1867775 4142 798608
1867775 4146 798464
1867775 4146 798592
1867775 4147 798472
1867775 4147 798592
1867775 4147 798600
1867775 4150 798472
1867775 4150 798592
1867775 4150 798600
1867775 4154 798592
1867775 4154 798596
1867775 8223 1842976
1867775 8223 794400
1867775 8254 1843073
1867775 8255 1843072
1867775 8351 1842976
