1900543 0 1842690
1900543 0 794178
1900543 0 794194
1900543 12302 1838880
1900543 12302 790304
1900543 12430 1838880
1900543 12430 1838896
1900543 32 1842690
1900543 32 1842706
1900543 32 794178
1900543 40 787986
1900543 40 790034
1900543 4132 796176
1900543 4132 796432
1900543 4144 798208
1900543 4144 798464
1900543 4145 798464
1900543 4145 798472
1900543 4148 798216
1900543 4148 798464
1900543 4148 798472
1900543 4156 1895938
1900543 4156 1896066
1900543 4156 1896194
1900543 4156 1896322
1900543 4157 1895938
1900543 4157 1896194
1900543 4208 1887883
1900543 4216 1887747
1900543 4216 1888003
1900543 4284 1895938
1900543 4284 1896194
1900543 4412 1895938
1900543 4464 1887755
1900543 60 792130
1900543 8254 1843072
1900543 8254 1843073
1900543 8255 1841024
1900543 8255 1842944
1900543 8255 1843072
1900543 8316 794114
1900543 8350 1840928
1900543 8350 1842976
1900543 8350 794400
