203177855 0 202127169
203177855 0 202129153
203177855 1052796 202116866
203177855 1056798 202120992
203177855 1060956 202116866
203177855 12 135013936
203177855 12380 67898882
203177855 12380 68947456
203177855 12380 68947458
203177855 126 202129152
203177855 16 202127169
203177855 16 202129217
203177855 2060 135013936
203177855 2108 202127106
203177855 4188 68947458
203177855 4188 68947714
203177855 4188 68955650
203177855 4188 68955906
203177855 48 202129217
203177855 48 202129219
203177855 6148 135014224
203177855 6148 135014226
203177855 6156 135013904
203177855 62 202129216
203177855 64 202129153
203177855 64 202129155
203177855 8228 202120978
203177855 8228 203169554
203177855 8252 203169538
203177855 8316 1840896
203177855 8316 1840898
