203177852 1052728 67907076
203177852 1056768 202120992
203177852 1056776 202120992
203177852 1056776 202120996
203177852 1056792 202118688
203177852 1056792 202118692
203177852 1056792 67900964
203177852 1056824 135012100
203177852 1056824 202120708
203177852 1056856 67900964
203177852 24 202118692
203177852 24 202129216
203177852 24 202129220
203177852 4152 202124800
203177852 4152 202124804
203177852 4152 67907076
203177852 56 1840704
203177852 56 1840708
203177852 8 202127168
203177852 8 202129216
203177852 8216 1840644
203177852 8216 792068
203177852 8248 1840640
203177852 8248 1840644
203177852 8248 792068
