203177084 0 135009364
203177084 0 135009372
203177084 0 202116140
203177084 0 202120260
203177084 0 202120268
203177084 0 202120300
203177084 0 202122364
203177084 0 202124300
203177084 0 202126356
203177084 10288 68949000
203177084 1048576 135009364
203177084 1048576 135009372
203177084 1048576 202120260
203177084 1048576 202120268
203177084 1048576 67902532
203177084 1048576 791636
203177084 1048576 791644
203177084 1048592 202118184
203177084 1048592 202118216
203177084 1048592 202120260
203177084 1048592 202120268
203177084 1048592 67900424
203177084 1048592 67900448
203177084 1048592 67900456
203177084 1048592 67900488
203177084 1048592 67902540
203177084 1048592 67908640
203177084 1048600 795680
203177084 1048600 797728
203177084 1048608 791580
203177084 1048624 202118152
203177084 1048624 202120260
203177084 1048624 67908616
203177084 1048656 67900448
203177084 1048688 202118152
203177084 1048688 67908616
203177084 1050640 202118216
203177084 1050672 202118152
203177084 1052784 202116104
203177084 1056768 135009300
203177084 1056768 135009308
203177084 1056768 135009340
203177084 1056768 202118180
203177084 1056768 67902532
203177084 1056768 791636
203177084 1056768 791644
203177084 1056784 202118152
203177084 1056784 202118176
203177084 1056784 202118184
203177084 1056784 67900456
203177084 1056784 67902540
203177084 1056800 135009300
203177084 1056800 135009308
203177084 1056816 202120200
203177084 1056832 135009308
203177084 1056832 202118164
203177084 1056832 202118172
203177084 1056848 135009288
203177084 1056848 202118152
203177084 1056848 67900456
203177084 1058816 202118184
203177084 1058816 67900456
203177084 1058832 202118152
203177084 1060944 202116104
203177084 112 202126344
203177084 12288 202116136
203177084 12288 203164712
203177084 12368 68946956
203177084 16 202118184
203177084 16 202120260
203177084 16 202120268
203177084 2048 202122356
203177084 2048 202122364
203177084 2096 202126344
203177084 2144 202122260
203177084 4144 202116104
203177084 4144 202122248
203177084 4144 202124288
203177084 4144 202124296
203177084 4208 202116108
203177084 4216 202124288
203177084 48 202126344
203177084 48 202128452
203177084 6144 202122332
203177084 64 202126356
203177084 64 202126364
203177084 8192 135009332
203177084 8192 135009340
203177084 8192 202116104
203177084 8192 202116136
203177084 8192 202116140
203177084 8192 202120236
203177084 8192 67900448
203177084 8192 67900456
203177084 8192 791572
203177084 8192 791620
203177084 8192 791636
203177084 8208 202118176
203177084 8208 202118184
203177084 8224 203168792
203177084 8240 1840128
203177084 8240 1840136
203177084 8240 791560
203177084 8256 202116140
203177084 8256 202120236
203177084 8304 1840128
203177084 8304 1840136
203177084 96 202122260
203177084 96 67904532
