203177596 0 202116104
203177596 0 202118724
203177596 0 202118740
203177596 0 202120708
203177596 0 202120772
203177596 0 202128900
203177596 0 203164744
203177596 0 203168776
203177596 0 67900996
203177596 0 67901012
203177596 0 67907076
203177596 0 791636
203177596 10288 1840128
203177596 10288 1840136
203177596 1048576 202118724
203177596 1048576 202118740
203177596 1048576 202120708
203177596 1048576 202120740
203177596 1048576 67903012
203177596 1048584 135007840
203177596 1048584 202118724
203177596 1048592 135007844
203177596 1048592 202118724
203177596 1048592 202120260
203177596 1048592 202120772
203177596 1048592 67902532
203177596 1048592 67903044
203177596 1048592 795648
203177596 1048592 795680
203177596 1048600 202118692
203177596 1048600 202120260
203177596 1048600 202120772
203177596 1048600 67900964
203177596 1048600 67902980
203177596 1048600 67903044
203177596 1048608 202118724
203177596 1048624 202118152
203177596 1048624 202118208
203177596 1048624 202118216
203177596 1048624 202120772
203177596 1048624 67900424
203177596 1048624 67911236
203177596 1048632 202118212
203177596 1048632 202120708
203177596 1050624 202118724
203177596 1050648 67904544
203177596 1052720 67904520
203177596 1052784 202116096
203177596 1052784 202116104
203177596 1052784 202116616
203177596 1052792 202116100
203177596 1056768 202118692
203177596 1056768 202118708
203177596 1056768 202120740
203177596 1056768 67900964
203177596 1056768 67903012
203177596 1056776 135007844
203177596 1056776 202116708
203177596 1056776 202118692
203177596 1056776 202120740
203177596 1056776 67903012
203177596 1056784 202118144
203177596 1056784 202118152
203177596 1056784 202118692
203177596 1056784 202120740
203177596 1056784 67900964
203177596 1056784 67903012
203177596 1056784 67903044
203177596 1056792 202118692
203177596 1056792 202120708
203177596 1056800 202120724
203177596 1056816 202118152
203177596 1056816 202120200
203177596 1056832 67900436
203177596 1056832 67900948
203177596 1056832 67903012
203177596 1056856 202120708
203177596 1056864 67900948
203177596 1056888 202118660
203177596 1056888 67902980
203177596 1058816 202118692
203177596 1058840 202118688
203177596 1058840 67900960
203177596 1060864 135007780
203177596 1060872 135007780
203177596 1060880 135007780
203177596 1060944 202116096
203177596 1060944 202116104
203177596 1060944 202116612
203177596 1060944 202116616
203177596 1060944 67898376
203177596 1060976 202116096
203177596 12336 203164680
203177596 12368 67898888
203177596 12368 68947456
203177596 12368 68947464
203177596 16 135007844
203177596 16 202116644
203177596 16 202118724
203177596 16 202120708
203177596 16 202120772
203177596 16 202120804
203177596 16 202128900
203177596 2048 202118724
203177596 2072 202122272
203177596 2072 67904544
203177596 32 202118724
203177596 32 202120708
203177596 32 202128900
203177596 32 203164744
203177596 32 203168776
203177596 32 203168840
203177596 32 67906564
203177596 32 67906580
203177596 32 791572
203177596 4096 202116616
203177596 4096 202116648
203177596 4104 135007840
203177596 4144 202122248
203177596 4144 202124800
203177596 4144 67904520
203177596 4152 202124292
203177596 4152 202124804
203177596 4176 68947464
203177596 4176 68955656
203177596 4184 68947456
203177596 4184 68955648
203177596 4208 202116096
203177596 4208 202124288
203177596 4216 67898884
203177596 4216 67907072
203177596 48 202120772
203177596 48 202128964
203177596 56 202128900
203177596 56 67902980
203177596 6168 202122272
203177596 64 202120708
203177596 64 202120740
203177596 64 202128900
203177596 8 135016032
203177596 8192 202116616
203177596 8192 202116648
203177596 8192 202120708
203177596 8192 202120740
203177596 8192 202120772
203177596 8192 202120804
203177596 8 202118724
203177596 8 202120708
203177596 8 202126916
203177596 8 202128900
203177596 8208 135007844
203177596 8208 135011940
203177596 8208 202116644
203177596 8208 202120740
203177596 8216 202118692
203177596 8224 202120720
203177596 8224 203168776
203177596 8224 203168792
203177596 8224 203169296
203177596 8248 1840644
203177596 8248 1842692
203177596 8248 68951556
203177596 8248 794116
203177596 8288 202120724
203177596 8304 202120200
203177596 8304 203166728
203177596 88 202118692
