203177983 0 135007328
203177983 0 202117025
203177983 0 202121153
203177983 0 202121185
203177983 0 202125248
203177983 0 202127296
203177983 0 202129345
203177983 10300 1840896
203177983 10300 1840898
203177983 1048576 202121153
203177983 1048576 794178
203177983 1048576 794434
203177983 1048588 135008096
203177983 1048588 135008098
203177983 1048590 135008224
203177983 1048592 67900416
203177983 1048592 67900448
203177983 1048600 67900448
203177983 1048600 67908640
203177983 1048606 135008224
203177983 1048608 794434
203177983 1048608 794562
203177983 1052796 67899010
203177983 1052796 67899266
203177983 1056782 135008176
203177983 1056782 202117040
203177983 1056784 202118176
203177983 1056784 67900448
203177983 1056792 202118176
203177983 1056792 202118688
203177983 1056792 67900960
203177983 1056796 202118688
203177983 1056796 202118690
203177983 1056796 67901216
203177983 1056796 67901218
203177983 1056797 67901216
203177983 1056797 67901218
203177983 1056836 202119056
203177983 1056836 202119058
203177983 1056846 202118928
203177983 1056847 202118928
203177983 1056848 67900448
203177983 1056860 67901216
203177983 1056860 67901218
203177983 1056862 67903264
203177983 1060864 135007264
203177983 1060864 135008034
203177983 1060864 135008042
203177983 1060872 135007776
203177983 1060872 135008034
203177983 1060872 135008050
203177983 1060876 135008032
203177983 1060876 135008034
203177983 1060878 135008160
203177983 1060880 135008034
203177983 1060942 790320
203177983 1060956 67899010
203177983 1060956 67899266
203177983 1060958 202116992
203177983 1060988 67899266
203177983 12 135007840
203177983 12 135008096
203177983 126 202125056
203177983 126 202127104
203177983 126 202129152
203177983 127 202129152
203177983 14 135008048
203177983 14 135008096
203177983 14 135008224
203177983 14 135016416
203177983 16 202118176
203177983 16 202121153
203177983 16 202121185
203177983 16 202127296
203177983 16 202129344
203177983 2110 202127168
203177983 2110 202127296
203177983 2111 202127168
203177983 30 135008224
203177983 30 135016416
203177983 30 202117024
203177983 30 202120992
203177983 32 202121153
203177983 32 202125248
203177983 32 202129344
203177983 32 202129345
203177983 36 792337
203177983 4110 135008224
203177983 4126 135008224
203177983 4158 202125185
203177983 4159 202125184
203177983 4190 68947712
203177983 4190 68955904
203177983 4191 68947712
203177983 4191 68955904
203177983 4 202121153
203177983 4 202129345
203177983 4222 202125184
203177983 4 792401
203177983 48 203173825
203177983 48 203173833
203177983 60 792322
203177983 60 794370
203177983 62 202129152
203177983 62 202129216
203177983 63 202129216
203177983 8 135007328
203177983 8 135007840
203177983 8192 202117025
203177983 8192 202121121
203177983 8192 202121153
203177983 8192 202121185
203177983 8194 202121153
203177983 8194 202121185
203177983 8196 202121153
203177983 8196 202121185
203177983 8200 202121153
203177983 8200 202121185
203177983 8206 135008048
203177983 8206 135008176
203177983 8208 202121153
203177983 8208 202121185
203177983 8222 135008224
203177983 8222 135012320
203177983 8222 202117024
203177983 8222 202121120
203177983 8224 202121089
203177983 8224 202121105
203177983 8254 1843072
203177983 8254 1843073
203177983 8254 202121089
203177983 8288 202121105
203177983 8318 1841024
203177983 8318 1843072
