203177072 0 135009360
203177072 0 135011408
203177072 0 135015440
203177072 0 202116096
203177072 0 202118224
203177072 0 202120256
203177072 0 202120272
203177072 0 202122288
203177072 0 202122320
203177072 0 202122352
203177072 0 202124288
203177072 0 202124304
203177072 0 202124336
203177072 0 202124352
203177072 0 202124368
203177072 0 202124400
203177072 0 202126352
203177072 0 202126416
203177072 0 202128400
203177072 0 202128464
203177072 0 203168848
203177072 0 67900496
203177072 0 67902528
203177072 0 67902544
203177072 0 67906576
203177072 0 67906640
203177072 0 67908624
203177072 1048576 135011408
203177072 1048576 202118224
203177072 1048576 202120256
203177072 1048576 202120272
203177072 1048576 67902544
203177072 1048576 67906640
203177072 1048576 67908624
203177072 1048576 795680
203177072 1048576 797728
203177072 1048608 202120256
203177072 1048608 67906576
203177072 1048608 67910672
203177072 1048672 67906576
203177072 1050624 67903536
203177072 1052672 795680
203177072 1052736 202116128
203177072 1056768 67902544
203177072 1056768 793680
203177072 2048 202121264
203177072 32 135015440
203177072 32 202120256
203177072 32 202122256
203177072 32 202122320
203177072 32 202124288
203177072 32 202124304
203177072 32 202124352
203177072 32 202124368
203177072 32 202126352
203177072 32 202128400
203177072 32 67902528
203177072 32 67906576
203177072 32 67906640
203177072 32 67910672
203177072 4096 202122320
203177072 4096 202122352
203177072 4096 202124304
203177072 4096 202124368
203177072 4096 67906640
203177072 4128 202122320
203177072 4128 202124304
203177072 4192 135013392
203177072 4192 202122256
203177072 4192 67904528
203177072 6144 202121264
203177072 64 202124304
203177072 64 202126352
203177072 64 202128400
203177072 8192 202120272
203177072 8192 791632
203177072 8192 793680
203177072 8224 1840144
203177072 8224 1842192
203177072 8224 793616
203177072 96 202122256
203177072 96 202124304
203177072 96 67906576
