203177080 0 135009368
203177080 0 135013416
203177080 0 135013424
203177080 0 135015520
203177080 0 1842184
203177080 0 202116136
203177080 0 202118184
203177080 0 202118216
203177080 0 202118224
203177080 0 202120200
203177080 0 202120232
203177080 0 202120264
203177080 0 202122312
203177080 0 202122320
203177080 0 202122352
203177080 0 202122360
203177080 0 202124360
203177080 0 202126400
203177080 0 202126408
203177080 0 202126416
203177080 0 202126456
203177080 0 202128392
203177080 0 202128456
203177080 0 203168776
203177080 0 203168808
203177080 0 67900480
203177080 0 67900496
203177080 0 67902552
203177080 0 67904592
203177080 0 67908624
203177080 1048576 135007328
203177080 1048576 135009368
203177080 1048576 202116104
203177080 1048576 202118184
203177080 1048576 202118216
203177080 1048576 202118232
203177080 1048576 202118248
203177080 1048576 202118264
203177080 1048576 202120200
203177080 1048576 202120232
203177080 1048576 202120264
203177080 1048576 202120296
203177080 1048576 67902504
203177080 1048576 67902536
203177080 1048576 67904592
203177080 1048576 67908624
203177080 1048576 791632
203177080 1048576 791640
203177080 1048592 202118216
203177080 1048592 202118248
203177080 1048592 202120264
203177080 1048592 67900456
203177080 1048592 67902536
203177080 1048592 67910728
203177080 1048592 795680
203177080 1048592 797728
203177080 1048608 202118216
203177080 1048608 67900488
203177080 1048608 67908624
203177080 1048608 791576
203177080 1048624 202118216
203177080 1048624 202120200
203177080 1048624 67910664
203177080 1048640 202120232
203177080 1048640 67902504
203177080 1048672 67904528
203177080 1048688 202120200
203177080 1050624 202118216
203177080 1050624 202118248
203177080 1050624 67900488
203177080 1050640 67900448
203177080 1050640 67908640
203177080 1050672 202118208
203177080 1052688 795680
203177080 1052688 797696
203177080 1056768 135009304
203177080 1056768 135009320
203177080 1056768 202116136
203177080 1056768 202118160
203177080 1056768 202118184
203177080 1056768 202118200
203177080 1056768 202120232
203177080 1056768 67900456
203177080 1056768 67900488
203177080 1056768 67900496
203177080 1056768 67902504
203177080 1056768 67902536
203177080 1056768 791640
203177080 1056784 202118184
203177080 1056784 202120200
203177080 1056784 67902536
203177080 1056800 135009304
203177080 1056800 202118160
203177080 1056832 135009288
203177080 1056832 135009304
203177080 1056832 202118160
203177080 1056832 202118168
203177080 1056832 67900440
203177080 1056832 67900456
203177080 1056832 67902504
203177080 1056848 202120200
203177080 1056864 135009288
203177080 1056864 202118152
203177080 1056864 67900440
203177080 1056880 202118152
203177080 1058816 202118184
203177080 1058832 202118176
203177080 1060864 135007272
203177080 112 202124296
203177080 112 202126344
203177080 12288 203164712
203177080 16 135015456
203177080 16 202116104
203177080 16 202118216
203177080 16 202120200
203177080 16 202120264
203177080 16 202122312
203177080 16 202124360
203177080 16 202126408
203177080 16 202128392
203177080 16 202128456
203177080 16 203164744
203177080 16 203168776
203177080 2048 202122320
203177080 2048 202122328
203177080 2048 202122352
203177080 2048 202122360
203177080 2048 202126440
203177080 2048 67900480
203177080 2080 202122256
203177080 32 1842184
203177080 32 1842248
203177080 32 202120200
203177080 32 202120264
203177080 32 202124296
203177080 32 202124360
203177080 32 202126352
203177080 32 202126400
203177080 32 202128392
203177080 32 202128456
203177080 32 203168840
203177080 32 67900480
203177080 32 67902536
203177080 32 67908624
203177080 32 793672
203177080 4096 135013456
203177080 4096 202122312
203177080 4096 202122320
203177080 4096 202124360
203177080 4096 203164744
203177080 4096 203164776
203177080 4096 67904592
203177080 4096 795648
203177080 4096 795680
203177080 4112 135015424
203177080 4128 202122256
203177080 4128 202124304
203177080 4128 202124360
203177080 4144 202124296
203177080 4160 202124296
203177080 4160 795648
203177080 4176 135015424
203177080 4192 202124296
203177080 4208 202122248
203177080 4208 202124288
203177080 48 202116104
203177080 48 202124296
203177080 48 202124360
203177080 48 202126344
203177080 48 202126408
203177080 48 202128392
203177080 48 67906568
203177080 6144 135013392
203177080 6144 202122320
203177080 6144 202122328
203177080 6160 135013408
203177080 6176 202122256
203177080 64 202116104
203177080 64 202120200
203177080 64 202124296
203177080 64 202128392
203177080 64 203168776
203177080 64 203168808
203177080 8192 202116136
203177080 8192 202118184
203177080 8192 202120200
203177080 8192 202120232
203177080 8192 202120264
203177080 8192 202120296
203177080 8192 203168776
203177080 8192 203168808
203177080 8208 202118184
203177080 8224 1840144
203177080 8224 1842184
203177080 8224 791568
203177080 8240 1840136
203177080 8240 1842184
203177080 8240 68951048
203177080 8256 202116136
203177080 8256 202120232
203177080 8272 202118184
203177080 8304 1840136
203177080 96 202124296
203177080 96 67904528
203177080 96 67906568
