203177584 0 135011904
203177584 0 135013456
203177584 0 202118224
203177584 0 202118736
203177584 0 202122320
203177584 0 202126416
203177584 0 203167312
203177584 0 67904592
203177584 0 67908688
203177584 1048576 202118736
203177584 1048576 202120768
203177584 1048576 67904560
203177584 1048576 67907072
203177584 1048576 67907104
203177584 1048608 202120768
203177584 1048640 67907072
203177584 1050624 67904544
203177584 1050624 67904560
203177584 1052672 67907072
203177584 1052736 67898912
203177584 1054720 67904544
203177584 1056768 202118160
203177584 1056768 202118672
203177584 1056800 202118160
203177584 1056800 202118672
203177584 2048 202117200
203177584 2048 202122272
203177584 2048 202122288
203177584 2048 202122320
203177584 2048 203165776
203177584 32 135011904
203177584 4128 202122256
203177584 4128 202124304
203177584 4128 202124864
203177584 4128 67906576
203177584 4160 67898912
203177584 6144 202122272
203177584 8192 202118736
203177584 8192 794176
203177584 8224 1838608
203177584 8224 1842688
