203177592 0 135011904
203177592 0 135015432
203177592 0 202116616
203177592 0 202116648
203177592 0 202120776
203177592 0 202122312
203177592 0 202126408
203177592 0 202128968
203177592 0 67906568
203177592 0 67908688
203177592 0 791632
203177592 10288 68949000
203177592 1048576 135011904
203177592 1048576 202116616
203177592 1048576 202120768
203177592 1048576 202120776
203177592 1048576 67906568
203177592 1048576 795648
203177592 1048576 795680
203177592 1048592 135011912
203177592 1048592 202118184
203177592 1048592 202120768
203177592 1048592 202120776
203177592 1048592 67900448
203177592 1048592 67908640
203177592 1048608 67906568
203177592 1048624 202118152
203177592 1048624 202120200
203177592 1048624 67908616
203177592 1048640 795648
203177592 1048688 202118152
203177592 1048688 67908616
203177592 1050672 202118152
203177592 1052784 135007240
203177592 1052784 202116104
203177592 1052784 67898376
203177592 1056768 202118144
203177592 1056768 202118160
203177592 1056768 202120736
203177592 1056768 67900432
203177592 1056768 794176
203177592 1056784 202118152
203177592 1056784 202118176
203177592 1056784 202118184
203177592 1056784 202120736
203177592 1056784 67900456
203177592 1056816 202120200
203177592 1056848 67900456
203177592 1060944 202116104
203177592 112 202126344
203177592 12352 202116648
203177592 12368 68947464
203177592 16 135011904
203177592 16 135011912
203177592 16 202116616
203177592 16 202118184
203177592 16 203169344
203177592 16 203169352
203177592 2048 202122312
203177592 2048 202122328
203177592 2048 67904592
203177592 2080 202122328
203177592 2080 202126408
203177592 2096 202126344
203177592 32 135015432
203177592 32 202116104
203177592 32 202120776
203177592 32 202122312
203177592 32 202124296
203177592 32 202126408
203177592 32 67904592
203177592 32 67906568
203177592 32 791568
203177592 4096 202116104
203177592 4096 202124296
203177592 4128 202124296
203177592 4144 202122248
203177592 4144 202124288
203177592 4144 202124296
203177592 4176 68955656
203177592 4208 135015424
203177592 4208 202124800
203177592 4208 67898376
203177592 4208 67904520
203177592 4208 67906560
203177592 48 202126344
203177592 6192 202122248
203177592 64 202116616
203177592 64 202116648
203177592 8192 202116648
203177592 8192 202118712
203177592 8192 202120744
203177592 8192 202120776
203177592 8192 202120800
203177592 8192 202120808
203177592 8208 202120800
203177592 8224 203168792
203177592 8224 203169296
203177592 8240 1840128
203177592 8240 1840136
203177592 8240 791560
203177592 8256 202116648
203177592 8256 202120744
