203177056 0 135015456
203177056 0 135015520
203177056 0 202116128
203177056 0 202122272
203177056 0 202124288
203177056 0 202124320
203177056 0 202124352
203177056 0 202124384
203177056 0 797728
203177056 1048576 202116128
203177056 1048576 797728
203177056 4096 135015424
203177056 4096 202116128
203177056 4096 202122272
203177056 4096 202124288
203177056 4096 202124352
203177056 4096 795680
203177056 4096 797696
203177056 4160 135015424
203177056 4160 68955136
203177056 64 202116128
203177056 64 202124288
