203177599 1048584 794178
203177599 1048584 794194
203177599 1048616 794178
203177599 1052792 202116614
203177599 1056772 202118674
203177599 1056772 67900946
203177599 1056796 202118690
203177599 1056804 202118674
203177599 1056828 135011842
203177599 1056836 202118674
203177599 1056864 67900946
203177599 1060952 202116614
203177599 12368 67898890
203177599 12368 68947458
203177599 12368 68947466
203177599 12380 68947458
203177599 20 203169346
203177599 2048 135013938
203177599 2048 135013942
203177599 2056 135013938
203177599 4184 68947458
203177599 4184 68955650
203177599 4188 68955650
203177599 4 202118738
203177599 8192 794178
203177599 8196 202118706
203177599 8196 202120802
203177599 8212 202120802
203177599 8224 1842690
203177599 8224 794114
203177599 8252 794114
203177599 8 67901010
