203177598 0 135013456
203177598 0 135013460
203177598 0 202116108
203177598 0 202116646
203177598 0 202118724
203177598 0 202120708
203177598 0 67903058
203177598 10296 68949508
203177598 1048576 202116646
203177598 1048576 67900996
203177598 1048576 67901012
203177598 1048576 792150
203177598 1048584 792146
203177598 1048600 67900932
203177598 1048600 67900964
203177598 1048632 202118660
203177598 1048632 202120708
203177598 1048696 202118660
203177598 1050680 202118660
203177598 1052728 67907076
203177598 1052784 202116100
203177598 1052784 202116108
203177598 1052792 202116612
203177598 1056768 202120738
203177598 1056776 202118144
203177598 1056776 202118160
203177598 1056776 202120738
203177598 1056776 202120742
203177598 1056776 67900432
203177598 1056792 202118660
203177598 1056792 202118688
203177598 1056792 202118692
203177598 1056792 67900964
203177598 1056824 202120708
203177598 1056832 67900946
203177598 1056832 67900948
203177598 1056832 67900950
203177598 1056840 67900944
203177598 1056840 67900946
203177598 1056856 202118660
203177598 1056856 67900964
203177598 1056864 67900950
203177598 1056888 202118660
203177598 1058840 202118660
203177598 1060944 202116614
203177598 1060952 202116100
203177598 1060952 202116612
203177598 1060976 202116100
203177598 120 202126852
203177598 16 202116646
203177598 2048 135013428
203177598 2056 135013424
203177598 24 202118692
203177598 32 787472
203177598 32 787476
203177598 32 791568
203177598 32 791572
203177598 4096 202116646
203177598 4104 795648
203177598 4104 795680
203177598 4144 135015424
203177598 4144 202124288
203177598 4144 67906560
203177598 4152 202124288
203177598 4152 202124292
203177598 4152 202124800
203177598 4152 202124804
203177598 4152 67907076
203177598 56 1840704
203177598 56 1840708
203177598 6144 135013376
203177598 6144 135013408
203177598 6152 135013392
203177598 6176 135013392
203177598 6176 135013396
203177598 8 135013424
203177598 8192 202116646
203177598 8192 202120742
203177598 8192 202120770
203177598 8192 202120802
203177598 8192 202120806
203177598 8192 67900480
203177598 8192 67900496
203177598 8192 792086
203177598 8200 202120802
203177598 8200 202120806
203177598 8200 792082
203177598 8208 202116646
203177598 8208 202120742
203177598 8208 202120770
203177598 8208 202120802
203177598 8216 1840644
203177598 8216 202120802
203177598 8216 792068
203177598 8248 1840640
203177598 8248 1840644
203177598 8248 792068
203177598 8288 202120722
203177598 8288 202120726
203177598 8312 1840640
203177598 8312 1840644
