203177854 0 202116898
203177854 0 202116906
203177854 0 202127170
203177854 0 68947460
203177854 10296 1840640
203177854 10296 1840644
203177854 1048588 135008098
203177854 1052796 202116610
203177854 1056768 67903266
203177854 1056776 202120994
203177854 1056776 67903266
203177854 1056792 202120994
203177854 1056792 67903266
203177854 1056796 202118946
203177854 1056796 67901218
203177854 1056824 202118660
203177854 1056824 202120708
203177854 1056828 135011842
203177854 1056828 135012098
203177854 1056832 67903266
203177854 1056840 67903266
203177854 1056860 67901218
203177854 1060864 135008042
203177854 1060872 135008050
203177854 1060872 202116914
203177854 1060876 135008034
203177854 1060944 202116874
203177854 12 135008096
203177854 12 135008098
203177854 12408 68947456
203177854 16 202121026
203177854 16 202121058
203177854 16 202127170
203177854 16 202129218
203177854 32 202121026
203177854 32 202129218
203177854 32 203173698
203177854 32 68947460
203177854 32 68947476
203177854 40 203173698
203177854 40 203173714
203177854 4128 203173698
203177854 4188 68947712
203177854 4188 68955904
203177854 48 203173698
203177854 48 203173706
203177854 8192 202116898
203177854 8192 202116906
203177854 8192 202120994
203177854 8192 202121002
203177854 8192 202121026
203177854 8192 202121058
203177854 8192 794178
203177854 8 202120994
203177854 8224 1842690
203177854 8224 794114
203177854 8252 794114
