203177086 0 135009364
203177086 0 135013428
203177086 0 202116132
203177086 0 791636
203177086 1048576 791620
203177086 1048576 791636
203177086 1048584 791632
203177086 1048608 791572
203177086 1048632 202118212
203177086 1052784 202116108
203177086 1056768 135009296
203177086 1056768 135009300
203177086 1056768 202118144
203177086 1056768 202118160
203177086 1056768 202118164
203177086 1056768 67900432
203177086 1056768 67900436
203177086 1056768 791636
203177086 1056776 202118160
203177086 1056800 135009296
203177086 1056800 135009300
203177086 1056816 202120204
203177086 1056832 135009300
203177086 1056832 202118144
203177086 1056832 202118160
203177086 1056832 202118164
203177086 1056832 67900432
203177086 1056832 67900436
203177086 1056840 202118160
203177086 1056864 67900432
203177086 1058816 202118144
203177086 1060928 67898404
203177086 1060944 202116100
203177086 1060944 202116108
203177086 12288 202116140
203177086 12288 203164716
203177086 12368 203164684
203177086 12368 67898380
203177086 12368 68946956
203177086 16 202116132
203177086 32 791572
203177086 4152 202124292
203177086 6144 135013396
203177086 8192 202116108
203177086 8192 202116132
203177086 8192 202116140
203177086 8208 202116132
203177086 8224 203168796
