203227135 10302 1841024
203227135 10302 1841025
203227135 1048576 827074
203227135 1048608 792337
203227135 1048608 792341
203227135 1048608 827074
203227135 1048832 826946
203227135 1048864 826946
203227135 1050656 788245
203227135 1052798 202116992
203227135 1052798 202116993
203227135 1056798 67901216
203227135 1056798 67903264
203227135 1056798 794400
203227135 1056830 202121088
203227135 1056830 202121089
203227135 1056926 202118944
203227135 1056926 202120992
203227135 1056926 67903264
203227135 190 202129152
203227135 190 202129216
203227135 191 202145536
203227135 32 788241
203227135 32 792337
203227135 4158 202116992
203227135 4158 202125056
203227135 4158 202125184
203227135 4184 68946944
203227135 4184 68947456
203227135 4188 68947456
203227135 4188 68947712
203227135 4189 68947712
203227135 4189 68947714
203227135 62 202125056
203227135 62 202127104
203227135 62 202129152
203227135 8240 1840128
203227135 8240 791552
203227135 8248 1840128
203227135 8248 1840640
203227135 8248 792064
203227135 8252 1840640
203227135 8252 1840896
203227135 8254 1840896
203227135 8254 1841024
