2216406302332 1048624 17247769672
2216406302332 1048624 17247777864
2216406302332 1052784 17247768072
2216406302332 1060944 17247768072
2216406302332 1060944 17381985800
2216406302332 134217728 17247772260
2216406302332 134217744 17247772228
2216406302332 134217776 17247769672
2216406302332 134225920 17247772228
2216406302332 135266304 17247772228
2216406302332 135266304 17247772244
2216406302332 135274496 17247772196
2216406302332 135274512 17247769608
2216406302332 135274528 17247772180
2216406302332 135274544 17247769608
2216406302332 135278672 17247768072
2216406302332 48 17247769672
2216406302332 8240 17247769608
2216406302332 8240 17248818184
