2216406302334 0 17247769648
2216406302334 1052784 17247767552
2216406302334 1052784 17381985280
2216406302334 1052792 17381985280
2216406302334 1052792 17381985284
2216406302334 134217728 17247772228
2216406302334 134217736 17247772228
2216406302334 134217752 17247770212
2216406302334 134217784 17247770180
2216406302334 134219776 17247773748
2216406302334 134219784 17247773744
2216406302334 134225976 17247772164
2216406302334 135274496 17247769600
2216406302334 135274504 17247769616
2216406302334 135274552 17247772164
2216406302334 135274560 17247769616
2216406302334 2056 17247773728
2216406302334 2056 17247773744
2216406302334 8248 17247772164
2216406302334 8248 17248818692
2216406302334 8248 17248820740
