2216406301820 0 17247769704
2216406301820 0 17248820232
2216406301820 0 17383037960
2216406301820 1052784 17381985280
2216406301820 1052784 17381985288
2216406301820 1052784 17381985292
2216406301820 1060944 17381985292
2216406301820 134217744 17247771724
2216406301820 135274496 17247769640
2216406301820 135274512 17247769608
2216406301820 135274544 17247771656
2216406301820 135278672 17247767560
2216406301820 16 17247769672
2216406301820 2064 17247769672
2216406301820 32 17247771720
2216406301820 32 17248820232
2216406301820 32 17248820296
2216406301820 32 17383037960
2216406301820 32 17383038024
2216406301820 48 2216405249028
2216406301820 8224 17248820232
2216406301820 8224 17248820248
2216406301820 8224 17383037960
2216406301820 8224 17383037976
2216406301820 8240 17248818184
2216406301820 8240 17248820232
2216406301820 8304 17248818184
2216406301820 8304 17381989384
