2224996237311 1048592 67900416
2224996237311 1048592 67900448
2224996237311 1048604 792096
2224996237311 1048604 800288
2224996237311 1048606 792352
2224996237311 1048606 800544
2224996237311 1048640 791552
2224996237311 1048640 799744
2224996237311 1048656 67900416
2224996237311 1048656 67900448
2224996237311 135274496 67900946
2224996237311 135274496 67903265
2224996237311 135274496 67903273
2224996237311 135274508 67900944
2224996237311 135274512 67903265
2224996237311 4152 798208
2224996237311 4152 798212
2224996237311 8192 794528
2224996237311 8221 792352
2224996237311 8221 792354
2224996237311 8223 792480
