2224996236924 1048576 67900964
2224996236924 1048576 787472
2224996236924 1048576 791568
2224996236924 1048600 67900932
2224996236924 1048600 67902980
2224996236924 1048600 792100
2224996236924 1048600 794116
2224996236924 1048600 800292
2224996236924 1048624 2207681098816
2224996236924 1048624 2207681098824
2224996236924 1048624 67903044
2224996236924 1048624 67911236
2224996236924 1048640 67903012
2224996236924 1048664 67902980
2224996236924 1048664 792100
2224996236924 1048688 67900424
2224996236924 1048688 67908616
2224996236924 1050648 792096
2224996236924 1050648 800288
2224996236924 1052720 25837710848
2224996236924 1052720 25837710856
2224996236924 1056768 67900416
2224996236924 1056768 67900432
2224996236924 1056768 67900436
2224996236924 1056768 67903012
2224996236924 1056768 791568
2224996236924 1056768 794148
2224996236924 1056776 67900432
2224996236924 1056792 67900964
2224996236924 1058816 67900416
2224996236924 134217744 2207681100868
2224996236924 134217744 2207681101380
2224996236924 134217744 2224860970052
2224996236924 134217744 2224860970564
2224996236924 134217752 2207681101380
2224996236924 134217752 2224860970052
2224996236924 134217752 2224860970564
2224996236924 134217776 2207681101380
2224996236924 134217784 2207681101316
2224996236924 134217784 2224860968004
2224996236924 134221880 67907076
2224996236924 134221880 8657841664
2224996236924 134221880 8657841668
2224996236924 135266304 2207681093220
2224996236924 135266304 2224860962404
2224996236924 135266304 67909156
2224996236924 135266304 8657841732
2224996236924 135266312 8657845316
2224996236924 135266320 8657841732
2224996236924 135266320 8657845828
2224996236924 135266328 67909124
2224996236924 135266328 67909156
2224996236924 135266336 8657841732
2224996236924 135266336 8657845828
2224996236924 135266352 67911236
2224996236924 135266352 8657837636
2224996236924 135266352 8657845828
2224996236924 135266392 67909124
2224996236924 135270448 8657839112
2224996236924 135270448 8657841152
2224996236924 135270448 8657841160
2224996236924 135270448 8657841664
2224996236924 135270448 8657841672
2224996236924 135270456 8657841668
2224996236924 135274496 17247769640
2224996236924 135274496 17247772196
2224996236924 135274496 67900436
2224996236924 135274496 67900948
2224996236924 135274496 67903012
2224996236924 135274504 67900944
2224996236924 135274512 17247769600
2224996236924 135274512 17247769608
2224996236924 135274528 17247770132
2224996236924 135274528 17247772180
2224996236924 135274528 67900948
2224996236924 135274528 67902996
2224996236924 135276560 17247769608
2224996236924 135278672 17247768072
2224996236924 135278672 67898888
2224996236924 16 2207681101380
2224996236924 17315135488 8657837636
2224996236924 17315135488 8657837652
2224996236924 17315135496 8657837636
2224996236924 17315135504 8657845828
2224996236924 17315135520 8657837636
2224996236924 17315135536 8657845828
2224996236924 17315139632 8657841160
2224996236924 17315139632 8657841672
2224996236924 17315143680 8657837636
2224996236924 17315143680 8657837652
2224996236924 24 2207681100868
2224996236924 24 2207681101380
2224996236924 24 792068
2224996236924 24 794116
2224996236924 4144 2207681096712
2224996236924 48 2207681098816
2224996236924 48 2207681098824
2224996236924 48 2207681101380
2224996236924 8192 787472
2224996236924 8192 791552
2224996236924 8192 791568
2224996236924 8192 794148
2224996236924 8216 792100
