2224996236920 1050672 67908616
2224996236920 134217776 2207681098824
2224996236920 134217776 2224860968000
2224996236920 134217776 2224860968008
2224996236920 135266320 67900448
2224996236920 135266320 67908640
2224996236920 135266352 2207681098824
2224996236920 135268400 8657843208
2224996236920 135274496 17247769600
2224996236920 135274496 17247769616
2224996236920 135274496 67900432
2224996236920 135274512 17247769608
2224996236920 135274512 17247769640
2224996236920 135274528 17247769600
2224996236920 135274528 17247769616
2224996236920 135274528 67900432
2224996236920 135274544 17247769608
2224996236920 135274544 17247771656
2224996236920 4208 2207682137608
2224996236920 4208 2224862006792
2224996236920 48 2207681098824
2224996236920 48 2224860968008
2224996236920 64 791552
2224996236920 64 791560
2224996236920 80 791560
2224996236920 80 791584
2224996236920 80 791592
