2224996236414 0 2207681100868
2224996236414 1056768 67900416
2224996236414 1056768 67900432
2224996236414 1056768 67900436
2224996236414 1056776 67900432
2224996236414 1056800 67900436
2224996236414 1056808 67900432
2224996236414 134217736 2224860970052
2224996236414 134217776 2207681100868
2224996236414 134217776 2224860970052
2224996236414 134217784 2224860968004
2224996236414 135266304 8657845316
2224996236414 135266312 8657845316
2224996236414 135266360 8657843268
2224996236414 135274496 17247769600
2224996236414 135274496 17247769616
2224996236414 135274496 17247769620
2224996236414 135274496 67900432
2224996236414 135274496 67900436
2224996236414 135274504 17247769616
2224996236414 135274528 17247769620
2224996236414 135274528 67900436
2224996236414 135276544 17247769600
2224996236414 17315135488 8657845316
2224996236414 56 2207681098820
2224996236414 8 2207681100868
