2224996236408 0 2207681098824
2224996236408 0 2224860970056
2224996236408 1048576 67900456
2224996236408 1048576 67908680
2224996236408 1048576 791592
2224996236408 1048576 799784
2224996236408 1048592 67900424
2224996236408 1048592 67900456
2224996236408 1048592 67908680
2224996236408 1048592 67910728
2224996236408 1048592 791592
2224996236408 1048592 799784
2224996236408 1048640 791560
2224996236408 1048640 799744
2224996236408 1048640 799752
2224996236408 1048656 791592
2224996236408 1048656 799752
2224996236408 1050640 791584
2224996236408 1050640 799744
2224996236408 1050640 799776
2224996236408 1056768 67902504
2224996236408 1056768 793640
2224996236408 1056784 67900456
2224996236408 1056832 67900432
2224996236408 1056832 67900440
2224996236408 112 2207682141192
2224996236408 112 2224862010376
2224996236408 134217728 2207681100808
2224996236408 134217728 2207681100872
2224996236408 134217728 2224860968008
2224996236408 134217728 2224860970056
2224996236408 134217744 2207681100872
2224996236408 134217744 2224860968008
2224996236408 134217744 2224860970056
2224996236408 134217760 2207681100808
2224996236408 134217776 2207681100808
2224996236408 134217776 2224860968008
2224996236408 134217840 2207681098760
2224996236408 134217840 2224860967944
2224996236408 134219824 2224860968000
2224996236408 134221856 2207681096720
2224996236408 134221856 2224860965904
2224996236408 135266304 8657843272
2224996236408 135266320 67900456
2224996236408 135266320 67908616
2224996236408 135266320 67908648
2224996236408 135266320 67910728
2224996236408 135266320 8657843272
2224996236408 135266320 8657845320
2224996236408 135266352 8657843208
2224996236408 135266352 8657845256
2224996236408 135266384 67908616
2224996236408 135268368 67900448
2224996236408 135268368 67908640
2224996236408 135268400 8657843264
2224996236408 135274496 17247771688
2224996236408 135274496 67902504
2224996236408 135274512 17247769640
2224996236408 135274560 17247769624
2224996236408 135274560 67900440
2224996236408 16 2207681098824
2224996236408 16 2207681100872
2224996236408 17315135488 8657835080
2224996236408 17315135488 8657835096
2224996236408 17315135504 8657845320
2224996236408 17315135536 8657845256
2224996236408 17315143680 8657835096
2224996236408 2096 2207681098816
2224996236408 32 2207681092616
2224996236408 32 2207681100808
2224996236408 48 2207681098760
2224996236408 48 2207681100808
2224996236408 48 2224860968008
2224996236408 8192 793640
2224996236408 8208 791592
