2224996236400 0 2207681098832
2224996236400 0 2207681100864
2224996236400 0 2207681100880
2224996236400 1048608 67908624
2224996236400 1048608 67910672
2224996236400 134217728 2207681096784
2224996236400 134217728 2207681100880
2224996236400 134217728 2224860970048
2224996236400 134217760 2224860970048
2224996236400 134221856 2224860965904
2224996236400 135266304 8657845328
2224996236400 135266336 67910672
2224996236400 135266336 8657843216
2224996236400 135266336 8657845264
2224996236400 135266336 8657845312
2224996236400 17315135488 8657845328
2224996236400 17315135520 8657841232
2224996236400 17315135520 8657845264
2224996236400 32 2207681096720
2224996236400 32 2207681100864
2224996236400 32 2207682145296
2224996236400 4128 2224862014480
