2224996236926 1048584 795648
2224996236926 1048584 795680
2224996236926 1048600 67900932
2224996236926 1048600 67900964
2224996236926 1048600 792068
2224996236926 1048600 792096
2224996236926 1048600 800288
2224996236926 1048664 67900932
2224996236926 1048664 67900964
2224996236926 1050632 67904544
2224996236926 1050632 795680
2224996236926 1050648 67900932
2224996236926 1056768 67900416
2224996236926 1056768 67900432
2224996236926 1056800 67900416
2224996236926 1056800 67900432
2224996236926 1056800 67900950
2224996236926 1056808 67900946
2224996236926 1056832 67900416
2224996236926 1056832 67900432
2224996236926 1056832 791568
2224996236926 134217776 2207681098816
2224996236926 134217776 2224860968000
2224996236926 134217784 2207681098820
2224996236926 134217784 2224860968000
2224996236926 134217784 2224860968004
2224996236926 135266328 67900932
2224996236926 135266328 67909124
2224996236926 135268360 67904544
2224996236926 135268376 67909124
2224996236926 135270448 8657841664
2224996236926 135274496 17247769600
2224996236926 135274496 67900416
2224996236926 135274496 67900946
2224996236926 135274496 67900950
2224996236926 135274504 17247769600
2224996236926 135274504 17247769616
2224996236926 135274504 67900432
2224996236926 135274528 17247770134
2224996236926 135274528 67900950
2224996236926 135274552 17247770116
2224996236926 135274552 17247772160
2224996236926 135274552 17247772164
2224996236926 135274552 67902980
2224996236926 135274560 17247769616
2224996236926 135274560 67900432
2224996236926 17314091064 8657841156
2224996236926 17314091064 8657841664
2224996236926 17314091064 8657841668
2224996236926 17315139640 8657841668
2224996236926 2056 17247773728
2224996236926 4144 25837710848
2224996236926 8256 791552
2224996236926 8256 791568
