2224996236412 1048576 67900488
2224996236412 1048656 67900424
2224996236412 1048656 67900456
2224996236412 1050640 67900424
2224996236412 1050672 67900424
2224996236412 1050672 67900480
2224996236412 1050672 67908616
2224996236412 112 2207681098760
2224996236412 134217728 2207681100868
2224996236412 134217728 2224860970052
2224996236412 134217744 2207681100876
2224996236412 134217744 2224860970052
2224996236412 134217744 2224860970060
2224996236412 134217776 2207681098760
2224996236412 134217776 2207681098824
2224996236412 134217776 2224860967944
2224996236412 134217776 2224860968000
2224996236412 134217776 2224860968008
2224996236412 134217776 2224860970052
2224996236412 134219824 2224860967944
2224996236412 134221872 2207681096712
2224996236412 134221872 2224860965896
2224996236412 135266304 67900488
2224996236412 135266304 8657835080
2224996236412 135266320 67900448
2224996236412 135266320 67908640
2224996236412 135266320 8657845316
2224996236412 135266320 8657845324
2224996236412 135266384 67900448
2224996236412 135266416 67908616
2224996236412 135266416 8657835016
2224996236412 135266416 8657843208
2224996236412 135268400 8657835016
2224996236412 135268400 8657835072
2224996236412 135268400 8657843208
2224996236412 135274496 17247769628
2224996236412 135274496 67900444
2224996236412 135274528 25837706268
2224996236412 135274544 17247769608
2224996236412 135274544 17247771656
2224996236412 135278672 17247767560
2224996236412 135278672 67898376
2224996236412 16 2207681100868
2224996236412 16 2207681100876
2224996236412 17315135504 8657845324
2224996236412 17315135600 8657843208
2224996236412 4208 2207682137100
2224996236412 4208 2224862006284
2224996236412 80 791560
2224996236412 80 791584
2224996236412 80 791592
