25972977760 0 17247768608
25972977760 0 17247772704
25972977760 0 17247776800
25972977760 0 25837703200
25972977760 0 25837703264
25972977760 0 25837711392
25972977760 0 25838751776
25972977760 0 25838751840
25972977760 0 8657842208
25972977760 1048576 17247768608
25972977760 1048576 17247772704
25972977760 1048576 17247776800
25972977760 1048576 25837703200
25972977760 1048576 25837711392
25972977760 134217728 17247776800
25972977760 134217728 25837703200
25972977760 134217728 25837707296
25972977760 134217728 25837711392
25972977760 134217728 8657842208
25972977760 135266304 8657842208
25972977760 135274560 8657834016
25972977760 64 25837703200
25972977760 64 25838751776
25972977760 8192 25837703200
25972977760 8192 25838751776
