25972980856 0 25837704264
25972980856 0 25837706248
25972980856 0 25837706280
25972980856 0 25837712456
25972980856 0 25837714504
25972980856 1048576 25837706248
25972980856 1048576 25837714440
25972980856 1048576 8657843272
25972980856 1048592 793608
25972980856 1048592 801800
25972980856 1048592 8657843272
25972980856 1048592 8657845320
25972980856 1048608 17247773712
25972980856 1048608 17247777808
25972980856 1048608 25837710344
25972980856 1048608 25837714440
25972980856 1048624 25837712392
25972980856 1048624 25837714440
25972980856 1048624 67908616
25972980856 1048624 67910664
25972980856 1048624 801800
25972980856 1048624 8657837064
25972980856 1048624 8657843208
25972980856 1048624 8657845256
25972980856 1052704 25837710352
25972980856 1056768 67900432
25972980856 1056768 67900496
25972980856 1056800 202118160
25972980856 1056800 67900432
25972980856 1056816 202118152
25972980856 1056816 202120200
25972980856 1056816 8792054792
25972980856 112 25837712392
25972980856 112 25838754824
25972980856 134217728 25837704264
25972980856 134217728 25837706248
25972980856 134217728 25837706280
25972980856 134217728 25837708360
25972980856 134217728 25837708368
25972980856 134217728 25837708400
25972980856 134217728 25837708408
25972980856 134217728 25837710344
25972980856 134217728 25837710408
25972980856 134217728 25837712448
25972980856 134217728 25837712464
25972980856 134217728 25837712488
25972980856 134217728 25837712504
25972980856 134217728 25837714440
25972980856 134217728 25837714504
25972980856 134217728 25837714536
25972980856 134217728 8657839184
25972980856 134217728 8657841160
25972980856 134217744 25837704264
25972980856 134217744 25837706312
25972980856 134217744 25837712488
25972980856 134217760 17247773712
25972980856 134217760 25837708304
25972980856 134217760 25837708360
25972980856 134217760 25837710344
25972980856 134217760 25837710408
25972980856 134217760 25837712400
25972980856 134217760 25837712456
25972980856 134217760 25837714440
25972980856 134217760 25837714504
25972980856 134217760 8657839120
25972980856 134217760 8657841160
25972980856 134217760 8657843216
25972980856 134217776 17247779848
25972980856 134217776 25837706248
25972980856 134217776 25837710344
25972980856 134217776 25837710408
25972980856 134217776 25837712392
25972980856 134217776 25837712456
25972980856 134217776 25837714440
25972980856 134217776 8657841160
25972980856 134217824 25837710344
25972980856 134217824 25837714440
25972980856 134217824 8657841160
25972980856 134217840 25837706248
25972980856 134217840 25837710344
25972980856 134217840 8658885640
25972980856 134219776 25837708368
25972980856 134219776 25837708392
25972980856 134219776 25837708400
25972980856 134219776 25837708408
25972980856 134219776 25837712488
25972980856 134219808 25837708304
25972980856 134221824 25837708360
25972980856 134221824 25837708368
25972980856 134221824 25837708392
25972980856 134221824 8657839184
25972980856 134221856 25837708304
25972980856 134221856 25837710344
25972980856 134221856 25837710352
25972980856 134221856 25837710408
25972980856 134221856 8657841160
25972980856 134221856 8657841168
25972980856 134221872 25837710344
25972980856 134221920 25837710344
25972980856 134221936 25837708296
25972980856 134221936 8657839112
25972980856 134223872 25837708368
25972980856 134223872 25837708376
25972980856 134223872 25837708392
25972980856 134223904 25837708304
25972980856 134225920 25837704264
25972980856 134225920 25837704312
25972980856 134225936 25837706312
25972980856 134227968 25837704296
25972980856 135266304 25837704264
25972980856 135266304 25837704280
25972980856 135266304 25837704296
25972980856 135266304 25837704312
25972980856 135266304 25837706312
25972980856 135266304 25837706344
25972980856 135266304 8657835080
25972980856 135266304 8657835096
25972980856 135266304 8657837128
25972980856 135266304 8657841160
25972980856 135266304 8657845256
25972980856 135266304 8657845320
25972980856 135266320 25837704264
25972980856 135266320 25837704296
25972980856 135266320 25837706312
25972980856 135266320 67902472
25972980856 135266320 67910664
25972980856 135266320 8657837128
25972980856 135266320 8657845320
25972980856 135266336 25837704264
25972980856 135266336 8657835080
25972980856 135266336 8657841160
25972980856 135266336 8657843216
25972980856 135266336 8657845256
25972980856 135266352 25837704264
25972980856 135266352 25837706248
25972980856 135266352 67910664
25972980856 135266352 8657845256
25972980856 135266416 25837706248
25972980856 135266416 8657843208
25972980856 135268352 25837704264
25972980856 135268352 25837704296
25972980856 135268352 8657835080
25972980856 135268400 25837704256
25972980856 135270432 8657841168
25972980856 135270496 25837702160
25972980856 135270512 17247767560
25972980856 135270512 8657832968
25972980856 135274496 17247769616
25972980856 135274496 17247769624
25972980856 135274496 17247769640
25972980856 135274496 17247771688
25972980856 135274496 25837704232
25972980856 135274496 25837704248
25972980856 135274496 25837706280
25972980856 135274496 8657835048
25972980856 135274496 8657835080
25972980856 135274496 8657835096
25972980856 135274496 8657837128
25972980856 135274512 25837704232
25972980856 135274512 8657837128
25972980856 135274528 17247769616
25972980856 135274528 25837706256
25972980856 135274544 17247771656
25972980856 135274592 17247769608
25972980856 135274608 25837704200
25972980856 135276544 25837704232
25972980856 135276560 25837704224
25972980856 135278672 17247767560
25972980856 16 25837706248
25972980856 16 25837712456
25972980856 16 25837714504
25972980856 2080 25837708304
25972980856 2096 25837712448
25972980856 32 25837706248
25972980856 32 25837710344
25972980856 32 25837712400
25972980856 32 25837714440
25972980856 32 25838750728
25972980856 32 25838758920
25972980856 4128 25837708304
25972980856 4128 25837710344
25972980856 4128 25837710352
25972980856 4128 25838758920
25972980856 4128 25971928080
25972980856 4144 25837710344
25972980856 4144 25838758920
25972980856 48 17247779848
25972980856 48 25837710344
25972980856 48 25837712392
25972980856 48 25837712456
25972980856 48 25837714440
25972980856 64 25837706248
25972980856 64 25837706280
25972980856 8240 8793103368
25972980856 96 25837710344
25972980856 96 25837714440
