25972981372 0 17247778372
25972981372 1048576 17247772164
25972981372 1048576 17247780356
25972981372 1048576 25837706756
25972981372 1048576 25837714948
25972981372 1048592 25837704804
25972981372 1048592 25837706852
25972981372 1048592 25837710916
25972981372 1048592 25837715012
25972981372 1048624 25837712448
25972981372 1048624 25837712456
25972981372 1048632 17247778308
25972981372 1048632 17247780356
25972981372 1052720 25837710336
25972981372 1052720 25837710344
25972981372 1052720 67907072
25972981372 1052784 17247768072
25972981372 1056768 8657835044
25972981372 1056768 8657835556
25972981372 1056768 8657837604
25972981372 1056784 8657835556
25972981372 1056784 8657837604
25972981372 1056792 8657835556
25972981372 1056824 202118660
25972981372 1056824 202120708
25972981372 1056824 67902980
25972981372 1056832 8657837604
25972981372 1056856 8657835556
25972981372 1058840 8657835552
25972981372 1058864 202118152
25972981372 1058864 67900424
25972981372 1060944 8657833480
25972981372 134217728 17247772228
25972981372 134217728 25837708360
25972981372 134217728 25837712964
25972981372 134217744 17247780420
25972981372 134217744 25837704804
25972981372 134217744 25837706852
25972981372 134217744 25837712964
25972981372 134217744 25837715012
25972981372 134217776 17247780420
25972981372 134217776 25837715012
25972981372 134217784 17247770180
25972981372 134217784 17247780356
25972981372 134217784 25837712452
25972981372 134217784 25837712900
25972981372 134217784 25837714948
25972981372 134219776 25837708360
25972981372 134219776 25837712456
25972981372 134221872 25837708296
25972981372 134221872 25837710848
25972981372 134221872 8657839112
25972981372 134221880 25837710340
25972981372 134221880 25837710852
25972981372 134223920 25837708296
25972981372 134225920 17247772196
25972981372 135266304 17247772228
25972981372 135266304 17247772244
25972981372 135266304 8657841668
25972981372 135266320 25837706308
25972981372 135266320 25837706820
25972981372 135266320 25837706852
25972981372 135266320 8657837124
25972981372 135266320 8657837636
25972981372 135266320 8657841668
25972981372 135266320 8657845316
25972981372 135266320 8657845764
25972981372 135266320 8657845828
25972981372 135266328 25837706308
25972981372 135266328 25837706820
25972981372 135266328 67902980
25972981372 135266328 67911172
25972981372 135266328 8657837636
25972981372 135266328 8657845828
25972981372 135266352 25837706308
25972981372 135266352 25837706820
25972981372 135266352 8657845316
25972981372 135266352 8657845764
25972981372 135266352 8657845828
25972981372 135266360 67911172
25972981372 135270448 8657841160
25972981372 135270520 17247768068
25972981372 135270520 8657833476
25972981372 135274496 17247772196
25972981372 135274496 25837704740
25972981372 135274496 25837704756
25972981372 135274496 25837706788
25972981372 135274496 8657837604
25972981372 135274504 17247772196
25972981372 135274504 25837704740
25972981372 135274504 25837706788
25972981372 135274512 17247769608
25972981372 135274512 17247772196
25972981372 135274512 25837704740
25972981372 135274512 25837706788
25972981372 135274512 8657837604
25972981372 135274512 8657837636
25972981372 135274520 25837704740
25972981372 135274520 25837706756
25972981372 135274520 8657837636
25972981372 135274528 17247772180
25972981372 135274552 17247772164
25972981372 135274560 8657837604
25972981372 135274592 25837704192
25972981372 135276544 25837704740
25972981372 135276568 25837704736
25972981372 135278672 25837702152
25972981372 135278672 8657832968
25972981372 16 17247770180
25972981372 16 17247772228
25972981372 16 17247778372
25972981372 16 17247780420
25972981372 16 25837704772
25972981372 16 25837704804
25972981372 16 25837706820
25972981372 16 25837714500
25972981372 16 25837715012
25972981372 24 25837706820
25972981372 24 25837714500
25972981372 24 25837715012
25972981372 32 17247772164
25972981372 32 17247780356
25972981372 32 25837706756
25972981372 32 25837714948
25972981372 40 17247780356
25972981372 4144 135015936
25972981372 4144 202124800
25972981372 4144 25837710344
25972981372 4144 8657841672
25972981372 4152 25837710852
25972981372 4152 25838759428
25972981372 48 17247772228
25972981372 48 17247780420
25972981372 48 25837706820
25972981372 48 25837714500
25972981372 48 25837714948
25972981372 48 25837715012
25972981372 56 17247778308
25972981372 56 17247780356
25972981372 56 25837712452
25972981372 64 25837706788
25972981372 8192 25837706852
25972981372 8208 25837704804
25972981372 8208 25837706852
25972981372 8216 25837706820
25972981372 88 25837704740
