25972981374 0 17247770180
25972981374 0 17247772164
25972981374 0 25837704772
25972981374 0 25837706756
25972981374 1052704 795668
25972981374 1052784 135007744
25972981374 1052784 202116608
25972981374 1052784 67898880
25972981374 1056776 202118160
25972981374 1056776 67900432
25972981374 1056776 8657837602
25972981374 1056776 8657837606
25972981374 1056792 8657835552
25972981374 1056792 8657835556
25972981374 1056824 135009796
25972981374 1056824 202118660
25972981374 1056824 67900932
25972981374 1056856 8657835552
25972981374 1056856 8657835556
25972981374 134217784 17247778308
25972981374 134217784 25837712448
25972981374 134217784 25837712452
25972981374 134217784 25837712900
25972981374 134219832 25837712900
25972981374 134221880 25837710336
25972981374 134221880 25837710340
25972981374 134221880 25837710848
25972981374 134221880 25837710852
25972981374 134221880 67907076
25972981374 134221880 8657841664
25972981374 134221880 8657841668
25972981374 135266352 25837704256
25972981374 135266352 8657843264
25972981374 135266360 67909124
25972981374 135266360 8657843268
25972981374 135270456 8657841668
25972981374 135274496 17247769600
25972981374 135274496 17247770134
25972981374 135274496 25837706786
25972981374 135274496 8657835044
25972981374 135274496 8657835060
25972981374 135274496 8657837602
25972981374 135274504 17247770130
25972981374 135274504 25837706786
25972981374 135274504 25837706790
25972981374 135274504 8657837606
25972981374 135274520 25837704708
25972981374 135274520 25837704736
25972981374 135274520 25837704740
25972981374 135274520 8657835556
25972981374 135274552 25837706756
25972981374 135274584 8657835556
25972981374 135274616 17247770116
25972981374 135274616 25837704708
25972981374 135276600 17247770116
25972981374 2104 17247778308
25972981374 24 25837704740
25972981374 4128 135013396
25972981374 4152 25837710848
25972981374 4152 25837710852
25972981374 4152 67907072
25972981374 4152 67907076
25972981374 4152 798212
25972981374 4220 8658890240
25972981374 48 25837712448
25972981374 56 17247778308
25972981374 56 25837712448
25972981374 56 25837712452
25972981374 6144 795648
25972981374 6144 795680
25972981374 8200 17247769648
25972981374 8200 17248818224
25972981374 8248 17248818692
25972981374 8248 17248820740
