25972981368 0 25837710856
25972981368 0 8658890240
25972981368 1048576 25837710920
25972981368 1048608 25837710920
25972981368 1048608 25837715016
25972981368 1052704 25837708304
25972981368 1052704 25837710352
25972981368 1052720 25837710344
25972981368 1052720 25837710856
25972981368 1052784 202116608
25972981368 1052784 202116616
25972981368 1056768 8657837608
25972981368 1056784 8657837600
25972981368 1056816 202118152
25972981368 1056816 67900424
25972981368 134217728 25837708360
25972981368 134217728 8657843280
25972981368 134217744 25837708360
25972981368 134217744 25837710408
25972981368 134217760 25837708360
25972981368 134217760 25837712456
25972981368 134217760 8657839184
25972981368 134217776 25837712448
25972981368 134217776 25837712456
25972981368 134219776 25837708360
25972981368 134219776 25837712456
25972981368 134219776 8657839184
25972981368 134219792 25837712456
25972981368 134219808 25837712456
25972981368 134221856 25837708304
25972981368 134221856 8657839120
25972981368 134221872 25837708296
25972981368 134221872 25837710344
25972981368 134221936 25837710848
25972981368 134221936 8657841664
25972981368 134221936 8658882056
25972981368 134223920 25837708296
25972981368 135266304 8657839184
25972981368 135266304 8657843264
25972981368 135266304 8657843280
25972981368 135266336 67904528
25972981368 135266352 25837704200
25972981368 135266352 8657843208
25972981368 135266352 8657843272
25972981368 135268352 8657843264
25972981368 135270448 8657841160
25972981368 135270448 8657841672
25972981368 135270496 25837702160
25972981368 135270496 8657832976
25972981368 135270512 17247767560
25972981368 135270512 17247768072
25972981368 135274496 25837706784
25972981368 135274496 25837706792
25972981368 135274496 8657837608
25972981368 135274512 17247769640
25972981368 135274512 25837704224
25972981368 135274512 25837704232
25972981368 135274512 25837706784
25972981368 135274512 8657835048
25972981368 135274544 25837706248
25972981368 135278672 25837702152
25972981368 2080 17247773712
25972981368 2096 25837712392
25972981368 32 17247773712
25972981368 32 17247777808
25972981368 32 25838759424
25972981368 32 8658890240
25972981368 4144 25837710344
25972981368 4144 25837710848
25972981368 4144 25837710856
25972981368 4208 25837710848
25972981368 4208 25838751240
25972981368 4208 8658882056
25972981368 48 25837712392
25972981368 48 25837712448
25972981368 48 25837712456
25972981368 48 25838759424
25972981368 48 25838759432
25972981368 8224 8792052760
25972981368 8224 8793101336
25972981368 8240 8792054792
25972981368 8240 8793103368
