25972981630 1048624 202118208
25972981630 1048624 67900480
25972981630 1048632 17247770180
25972981630 1048632 17247778372
25972981630 1052728 798212
25972981630 1056768 8657837602
25972981630 1056772 8657837602
25972981630 1056796 8657835554
25972981630 1058872 202118660
25972981630 1058872 67900932
25972981630 135274496 8657837858
25972981630 135274504 25837707042
25972981630 135274504 8657837858
25972981630 135274524 25837704738
25972981630 135274524 8657835810
25972981630 135274552 17247770116
25972981630 4152 135015936
25972981630 4152 135015940
25972981630 56 17247770180
25972981630 8248 17247770116
25972981630 8248 17248818692
