25972981360 0 17247769680
25972981360 0 25837712464
25972981360 1048576 795664
25972981360 1048576 795696
25972981360 1048608 67904528
25972981360 1048608 67906576
25972981360 1048608 67907072
25972981360 1048608 67907088
25972981360 1048608 798224
25972981360 1048640 795664
25972981360 1050624 17247773744
25972981360 1050624 67904560
25972981360 1050624 795696
25972981360 1052704 25837710352
25972981360 1054720 795680
25972981360 134217728 25837708368
25972981360 134217728 25837712464
25972981360 134217728 8657839184
25972981360 134217728 8657843280
25972981360 134217760 8658890256
25972981360 134219776 17247773728
25972981360 134219776 17247773744
25972981360 134219776 25837708320
25972981360 134219776 25837708336
25972981360 134219776 25837708368
25972981360 134221856 25837708304
25972981360 134221856 25837710352
25972981360 134221856 8657841168
25972981360 134223872 25837708320
25972981360 135266304 8657843280
25972981360 135266336 67906576
25972981360 135266336 67907088
25972981360 135268352 67904560
25972981360 135270432 8657841168
25972981360 135270496 25837702160
25972981360 135274496 17247769616
25972981360 135274528 17247769616
25972981360 2048 17247773728
25972981360 2048 17247773744
25972981360 32 17247773712
25972981360 32 17247775744
25972981360 32 17247775760
25972981360 32 17247776272
25972981360 32 25838759424
25972981360 32 25838759440
25972981360 32 8658890256
25972981360 4128 25837710352
25972981360 4128 25838759424
25972981360 4128 25971928080
25972981360 4128 8658890256
25972981360 96 25838759424
25972981360 96 25838759440
25972981360 96 8658890256
