25972980848 0 25837706304
25972980848 0 25837706320
25972980848 0 25837708368
25972980848 0 25837710352
25972980848 0 25837710416
25972980848 0 25837710448
25972980848 0 25837712464
25972980848 0 25837714448
25972980848 0 25837714496
25972980848 0 25837714512
25972980848 0 25838754880
25972980848 0 25838754896
25972980848 0 25838758928
25972980848 1048576 17247769680
25972980848 1048576 17247771712
25972980848 1048576 17247771728
25972980848 1048576 25837706304
25972980848 1048576 25837706320
25972980848 1048576 25837710352
25972980848 1048576 25837710416
25972980848 1048576 25837710448
25972980848 1048576 25837712464
25972980848 1048576 25837714496
25972980848 1048576 25837714512
25972980848 1048576 8657837120
25972980848 1048576 8657837136
25972980848 1048608 17247777808
25972980848 1048608 17247779856
25972980848 1048608 25837710352
25972980848 1048608 25837712400
25972980848 1048608 25837714448
25972980848 1052672 25837710416
25972980848 1052704 8657841168
25972980848 1052768 25837702160
25972980848 1056768 67900496
25972980848 1056768 67902544
25972980848 1056800 202118160
25972980848 1056800 202120208
25972980848 1056800 67902480
25972980848 134217728 25837706304
25972980848 134217728 25837706320
25972980848 134217728 25837708336
25972980848 134217728 25837708368
25972980848 134217728 25837708400
25972980848 134217728 25837710352
25972980848 134217728 25837710400
25972980848 134217728 25837710416
25972980848 134217728 25837710448
25972980848 134217728 25837712400
25972980848 134217728 25837712464
25972980848 134217728 25837714448
25972980848 134217728 25837714496
25972980848 134217728 25837714512
25972980848 134217728 8657841168
25972980848 134217728 8657841232
25972980848 134217728 8657843216
25972980848 134217760 17247775760
25972980848 134217760 17247779856
25972980848 134217760 25837708304
25972980848 134217760 25837708368
25972980848 134217760 25837710352
25972980848 134217760 25837710400
25972980848 134217760 25837710416
25972980848 134217760 25837712400
25972980848 134217760 25837714448
25972980848 134217760 8657841168
25972980848 134217760 8657841232
25972980848 134217760 8657845264
25972980848 134217760 8658889744
25972980848 134217792 25837712400
25972980848 134217792 25837714448
25972980848 134217824 25837708304
25972980848 134217824 25837710352
25972980848 134217824 8657841168
25972980848 134221824 25837708368
25972980848 134221824 25837708400
25972980848 134221824 25837710416
25972980848 134221824 8657841232
25972980848 134221856 25837708368
25972980848 134221856 25837710352
25972980848 134221920 25837708304
25972980848 134221920 8657839120
25972980848 135266304 17247771728
25972980848 135266304 25837706304
25972980848 135266304 25837706320
25972980848 135266304 8657837136
25972980848 135266304 8657841232
25972980848 135266304 8657845328
25972980848 135266336 25837706304
25972980848 135266336 8657841168
25972980848 135266336 8657845264
25972980848 135270400 8657841232
25972980848 135274496 8657837136
25972980848 32 17247777808
25972980848 32 17247779856
25972980848 32 25837706304
25972980848 32 25837710352
25972980848 32 25837710416
25972980848 32 25837712400
25972980848 32 25837714448
25972980848 32 25837714496
25972980848 32 25838758912
25972980848 32 25838758928
25972980848 32 8657841232
25972980848 32 8657843216
25972980848 32 8657845264
25972980848 4096 25837708368
25972980848 4096 25837710416
25972980848 4096 25838758992
25972980848 4128 25837710352
25972980848 4128 25838758912
25972980848 4128 25838758928
25972980848 4128 8657841168
25972980848 4192 25837708304
25972980848 4192 25838758912
25972980848 8192 25837706304
25972980848 8192 25837706320
25972980848 96 25837710352
25972980848 96 25838758912
25972980848 96 25838758928
