25972980862 0 17247769652
25972980862 0 25837708372
25972980862 1052704 25837708308
25972980862 1052704 25837710356
25972980862 134217728 25837708404
25972980862 134217728 8657839188
25972980862 134217784 25837712452
25972980862 134221824 25837708372
25972980862 134221824 8657839188
25972980862 134221856 25837708308
25972980862 134221856 8657839124
25972980862 134221880 25837710340
25972980862 134221944 8658881540
25972980862 134223872 25837708372
25972980862 134223904 8657839124
25972980862 135266312 25837706308
25972980862 135266352 8657845316
25972980862 135266360 25837704260
25972980862 135270432 8657839124
25972980862 135270512 25837702156
25972980862 135274496 25837704244
25972980862 135274496 8657835060
25972980862 135274512 8657837124
25972980862 135274528 17247769620
25972980862 135274560 17247769620
25972980862 135274560 67900468
25972980862 135278672 25837702156
25972980862 16 25837706308
25972980862 24 25837706308
25972980862 24 25838754884
25972980862 40 25837714500
25972980862 40 25838758916
25972980862 4128 202122260
25972980862 4128 25837708308
25972980862 4128 25837710356
25972980862 4128 67904532
25972980862 48 25837706308
25972980862 48 25837714500
25972980862 56 25837704260
25972980862 56 25837712452
25972980862 6176 25837708308
25972980862 8208 25837706308
25972980862 8208 25837706340
25972980862 8 25837706308
