25972980860 0 17247769632
25972980860 0 17247771716
25972980860 0 25837706308
25972980860 0 25837708372
25972980860 0 25837710348
25972980860 0 25837712452
25972980860 0 25837712468
25972980860 0 25837714500
25972980860 0 25837714508
25972980860 0 8657841164
25972980860 10288 8793101320
25972980860 1048576 25837706348
25972980860 1048576 25837714508
25972980860 1048592 25837706308
25972980860 1048592 25837706316
25972980860 1048592 25837706340
25972980860 1048592 25837714500
25972980860 1048592 25837714508
25972980860 1048624 25837714500
25972980860 1048624 8657835016
25972980860 1048624 8657843208
25972980860 1050672 8657843208
25972980860 1056768 25837706348
25972980860 1056784 202118144
25972980860 1056784 202118152
25972980860 1056784 25837706316
25972980860 1056784 25837706340
25972980860 1056784 67900424
25972980860 1056816 202118152
25972980860 1056816 67900424
25972980860 1056816 8792052744
25972980860 1056816 8792054792
25972980860 112 25838758916
25972980860 112 25838758924
25972980860 112 8658889740
25972980860 134217728 17247771716
25972980860 134217728 25837708360
25972980860 134217728 25837712404
25972980860 134217728 25837714500
25972980860 134217728 25837714508
25972980860 134217728 8658889732
25972980860 134217744 25837706308
25972980860 134217744 25837708360
25972980860 134217744 25837710408
25972980860 134217744 25837714500
25972980860 134217744 25837714508
25972980860 134217760 25837714500
25972980860 134217760 25837714508
25972980860 134217760 8658889732
25972980860 134217776 25837704200
25972980860 134217776 25837706248
25972980860 134217776 25837712448
25972980860 134217776 25837712456
25972980860 134217776 25837714500
25972980860 134217776 8657837064
25972980860 134217776 8658885640
25972980860 134217776 8658889740
25972980860 134217792 25837712404
25972980860 134217792 25837712412
25972980860 134217824 25837708308
25972980860 134217824 8657839124
25972980860 134217840 25837704200
25972980860 134217840 25837706248
25972980860 134219776 25837708360
25972980860 134219776 25837708376
25972980860 134219776 25837708404
25972980860 134219776 25837708412
25972980860 134219792 25837712456
25972980860 134219824 25837704200
25972980860 134219872 25837708308
25972980860 134221872 25837708296
25972980860 134221872 25837710344
25972980860 134221872 8657841160
25972980860 134221936 8658881548
25972980860 134221944 8658889728
25972980860 134223920 25837708296
25972980860 134225968 25837706248
25972980860 134226032 25837706248
25972980860 135266304 25837706308
25972980860 135266304 8657837124
25972980860 135266304 8657845316
25972980860 135266320 25837704264
25972980860 135266320 25837706308
25972980860 135266320 25837706316
25972980860 135266320 25837706340
25972980860 135266320 8657835080
25972980860 135266320 8657837132
25972980860 135266352 25837704200
25972980860 135266352 25837704264
25972980860 135266352 25837706248
25972980860 135266352 8657843208
25972980860 135266352 8657843272
25972980860 135266416 25837704200
25972980860 135266416 25837706248
25972980860 135268368 25837704264
25972980860 135268400 25837704200
25972980860 135270448 8657841160
25972980860 135270512 17247767564
25972980860 135274496 25837704244
25972980860 135274496 25837704252
25972980860 135274496 67902532
25972980860 135274496 8657837124
25972980860 135274512 25837704200
25972980860 135274512 25837704224
25972980860 135274512 25837704232
25972980860 135274512 8657835048
25972980860 135274512 8657837132
25972980860 135274528 17247769628
25972980860 135274544 25837706248
25972980860 135274560 17247769600
25972980860 135274560 67900448
25972980860 135274576 17247769608
25972980860 135276544 17247769640
25972980860 135276544 25837704232
25972980860 135276544 25837704236
25972980860 135276544 8657835048
25972980860 135276592 17247769608
25972980860 135278672 17247767564
25972980860 135278672 25837702152
25972980860 16 25837714500
25972980860 2048 25837712452
25972980860 2096 25837712392
25972980860 32 25838758916
25972980860 32 8658889732
25972980860 4128 25838758916
25972980860 4128 8658889732
25972980860 4144 25837710344
25972980860 4144 25838758916
25972980860 4144 8658889740
25972980860 4208 25838750732
25972980860 4208 8657832972
25972980860 48 25837712392
25972980860 48 25837712448
25972980860 48 25837712456
25972980860 48 25837714500
25972980860 48 25838758916
25972980860 48 25838758924
25972980860 48 8657835016
25972980860 48 8657837064
25972980860 48 8658889740
25972980860 8224 8792052760
25972980860 8224 8793101336
25972980860 8240 8792054792
25972980860 8240 8793103368
25972980860 96 25838758916
25972980860 96 8658889732
