283699972947582 135266352 67908672
283699972947582 135266352 8657835072
283699972947582 135266352 8657843264
283699972947582 135266360 8657843264
283699972947582 135266360 8657843268
283699972947582 16 2207681100868
283699972947582 17179869232 2207681098816
283699972947582 17179869240 2207681098820
283699972947582 17315135504 2207681092676
283699972947582 17315135536 2207681090624
283699972947582 17315135536 8657843264
283699972947582 17315135544 8657843268
283699972947582 48 2207681098816
283699972947582 56 2207681098816
283699972947582 56 2207681098820
