283699972947580 0 2207681100868
283699972947580 135266304 8657845316
283699972947580 135266352 67908616
283699972947580 135266352 8657835016
283699972947580 135266352 8657843208
283699972947580 135266360 8657843268
283699972947580 17179869184 2207681100868
283699972947580 17179869200 2207681100868
283699972947580 17179869200 2207681101380
283699972947580 17179877376 8792052808
283699972947580 17179877376 8792052824
283699972947580 17179877408 8792052760
283699972947580 17179879424 8792052808
283699972947580 17180917760 2207681093220
283699972947580 17315135488 8657845316
283699972947580 17315135504 2207681093188
283699972947580 17315135512 2207681093188
283699972947580 17315135536 2207681090568
283699972947580 17315135536 8657843208
283699972947580 17315143712 2207681093140
283699972947580 48 2207681098752
283699972947580 48 2207681098760
283699972947580 56 2207681098820
283699972947580 56 2207681100864
283699972947580 8224 2207815308312
