284799484574840 0 791616
284799484574840 0 791632
284799484574840 0 793672
284799484574840 1048576 67902536
284799484574840 1048576 793672
284799484574840 1048592 67902536
284799484574840 1048592 793672
284799484574840 1048624 67900488
284799484574840 135266304 67902536
284799484574840 135266304 8657837128
284799484574840 135266320 67902536
284799484574840 135266320 8657837128
284799484574840 135266352 8657835080
284799484574840 16 791560
284799484574840 16 793608
284799484574840 17179873328 282583147228168
284799484574840 17179873328 284782170483720
284799484574840 17314091056 1108169468936
284799484574840 17314091056 1108170517512
284799484574840 17315135488 2207681092680
284799484574840 17315135488 8657837128
284799484574840 17315135504 2207681092680
284799484574840 17315135504 8657837128
284799484574840 2216337346608 1108170517512
284799484574840 2216338399296 1108169462824
284799484574840 32 791568
284799484574840 32 791616
284799484574840 4144 282583147228168
284799484574840 48 791624
284799484574840 48 793608
