284799484574832 0 791632
284799484574832 0 793680
284799484574832 1048576 67902544
284799484574832 1048576 793680
284799484574832 1048608 67902528
284799484574832 135266304 67902544
284799484574832 135266304 8657835088
284799484574832 135266304 8657837136
284799484574832 135266336 8657837120
284799484574832 17314086944 1108170517520
284799484574832 17314086944 8658889744
284799484574832 17315135488 2207681092688
284799484574832 17315135488 8657837136
284799484574832 17315135520 2207681092672
284799484574832 2216337342496 1108170517520
