284799484575356 0 794180
284799484575356 1048584 67902532
284799484575356 1048592 67903044
284799484575356 1048592 794180
284799484575356 135266320 67903044
284799484575356 135266320 8657837636
284799484575356 135266328 8657837124
284799484575356 135266328 8657837636
284799484575356 17315135504 2207681093188
284799484575356 17315135504 8657837636
284799484575356 17315135512 2207681093188
284799484575356 17315135512 8657837636
284799484575356 17315143712 2207681093140
284799484575356 17315143712 8657837588
284799484575356 2048 792132
284799484575356 2216338391040 1108169465412
284799484575356 2216338391040 1108169465428
284799484575356 2216338391048 1108169465412
284799484575356 2216338391072 1108169465412
284799484575356 2216338391088 1108169471048
284799484575356 2216338399232 1108169465412
284799484575356 2216338399232 1108169465428
284799484575356 56 792132
