30267948152 1052704 25837708304
30267948152 1052704 25837710352
30267948152 1056816 8657837064
30267948152 1056816 8792052744
30267948152 1056816 8792054792
30267948152 134217776 25837704200
30267948152 134217776 25837706248
30267948152 134217776 8657837064
30267948152 134217776 8658885640
30267948152 134221856 25837708304
30267948152 134221856 8657839120
30267948152 134221872 25837708296
30267948152 134221872 25837710344
30267948152 134221872 8657841160
30267948152 134225968 25837706248
30267948152 135270496 25837702160
30267948152 135270496 8657832976
30267948152 135274528 25837706240
30267948152 135274528 25837706256
30267948152 135274544 25837706248
30267948152 48 8657835016
30267948152 48 8657837064
