3324507864176 1048608 3307192724496
3324507864176 1048608 3307192728592
3324507864176 1052704 3307192724496
3324507864176 134217728 3307192724560
3324507864176 134217760 2207682145296
3324507864176 134217760 3307192724496
3324507864176 134217760 3307192726544
3324507864176 134217760 3307192728592
3324507864176 134217760 3307193773072
3324507864176 134221856 3307192724496
3324507864176 134221856 3307193771024
3324507864176 134221856 3307193773072
3324507864176 135266336 3307192724496
3324507864176 135266336 3307192726544
3324507864176 135266336 3307192728592
3324507864176 17179869184 3307192724560
3324507864176 17179869216 1108170517520
3324507864176 17179869216 2207681100816
3324507864176 17179869216 2207682145296
3324507864176 17179869216 3307192724496
3324507864176 17179869216 3307192728592
3324507864176 17179869216 3307193773056
3324507864176 17179869216 3307193773072
3324507864176 17179869280 3307193773056
3324507864176 17179869280 3307193773072
3324507864176 17179873312 1108170517520
3324507864176 17179873312 2207681096720
3324507864176 17179873312 3307192724496
3324507864176 17179873312 3307193773056
3324507864176 17179873312 3307193773072
3324507864176 17314086912 1108169468944
3324507864176 17314086912 1108169469008
3324507864176 17314086912 1108169470992
3324507864176 17314086912 3307192722512
3324507864176 17314086912 3307192724496
3324507864176 17314086912 3307192724528
3324507864176 17314086912 3307192724544
3324507864176 17314086912 3307192724560
3324507864176 17314086912 3307192726544
3324507864176 17314086912 3307192726608
3324507864176 17314086912 3307192728656
3324507864176 17314086944 1108169468944
3324507864176 17314086944 1108169469008
3324507864176 17314086944 1108169473040
3324507864176 17314086944 1108170517520
3324507864176 17314086944 3307192722448
3324507864176 17314086944 3307192722512
3324507864176 17314086944 3307192724496
3324507864176 17314086944 3307192724544
3324507864176 17314086944 3307192724560
3324507864176 17314086944 3307192726544
3324507864176 17314086944 3307192728592
3324507864176 17314086976 3307192724496
3324507864176 17314086976 3307192726544
3324507864176 17314086976 3307192728592
3324507864176 17314087008 1108169468944
3324507864176 17314087008 1108170517520
3324507864176 17314087008 3307192722448
3324507864176 17314087008 3307192724496
3324507864176 17314091008 1108169469008
3324507864176 17314091008 3307192722512
3324507864176 17314091008 3307192724496
3324507864176 17314091008 3307192724560
3324507864176 17314091040 1108170517520
3324507864176 17314091040 3307192722512
3324507864176 17314091040 3307192724496
3324507864176 17314091104 1108169466896
3324507864176 17314091104 3307192722448
3324507864176 17315135488 2207681092688
3324507864176 17315135488 3307192720448
3324507864176 17315135488 3307192720464
3324507864176 17315135520 1108169473040
3324507864176 17315135520 3307192720448
3324507864176 17315139616 1108169468944
3324507864176 17315143712 2207681092624
3324507864176 32 1108170517520
3324507864176 32 3307192722448
3324507864176 32 3307192724496
3324507864176 32 3307192726544
3324507864176 32 3307192728592
3324507864176 32 3307193773072
3324507864176 4096 3307326940240
3324507864176 4096 3307326942288
3324507864176 4128 3307192722448
3324507864176 4128 3307192724496
3324507864176 4128 3307193773072
3324507864176 96 3307192724496
3324507864176 96 3307193773072
3324507864176 96 3307326942224
