3324507864184 0 2207681100872
3324507864184 0 3307192720392
3324507864184 0 3307192720424
3324507864184 0 3307192728648
3324507864184 0 3307193771080
3324507864184 0 3307193771128
3324507864184 0 3307193773128
3324507864184 1048576 3307192720392
3324507864184 1048576 3307192720424
3324507864184 1048608 3307192722448
3324507864184 1048608 3307192724488
3324507864184 1048608 3307192726544
3324507864184 1048608 3307192728584
3324507864184 134217728 3307192720392
3324507864184 134217728 3307192720424
3324507864184 134217728 3307192728584
3324507864184 134217728 3307193771080
3324507864184 134217728 3307193773128
3324507864184 134217760 3307192724488
3324507864184 134217760 3307193773064
3324507864184 134217776 2207681098760
3324507864184 134217776 2207681100808
3324507864184 134217840 3307192726536
3324507864184 134221872 3307193771016
3324507864184 134221872 3307193773056
3324507864184 134221872 3307193773064
3324507864184 135266304 1108169473096
3324507864184 135266304 8657845320
3324507864184 135266352 1108169471048
3324507864184 135266352 8657843272
3324507864184 16 3307192720392
3324507864184 16 3307193771080
3324507864184 16 3307193773128
3324507864184 17179869184 2207681100872
3324507864184 17179869184 3307193771080
3324507864184 17179869184 3307193773128
3324507864184 17179873328 1108170517512
3324507864184 17179873328 3307193773064
3324507864184 17314086912 1108169466960
3324507864184 17314086912 1108169468936
3324507864184 17314086912 3307192722504
3324507864184 17314086912 3307192722512
3324507864184 17314086912 3307192722552
3324507864184 17314086912 3307192724488
3324507864184 17314086912 3307192724552
3324507864184 17314086912 3307192726608
3324507864184 17314086912 3307192726632
3324507864184 17314086912 3307192726648
3324507864184 17314086912 3307192728648
3324507864184 17314086912 3307192728680
3324507864184 17314086928 3307192726632
3324507864184 17314086944 1108169466896
3324507864184 17314086944 1108169466960
3324507864184 17314086944 1108169468936
3324507864184 17314086944 1108169470992
3324507864184 17314086944 3307192722448
3324507864184 17314086944 3307192722512
3324507864184 17314086944 3307192724488
3324507864184 17314086944 3307192724552
3324507864184 17314086944 3307192726544
3324507864184 17314086944 3307192728584
3324507864184 17314086944 3307192728648
3324507864184 17314086960 2207681100808
3324507864184 17314086960 3307192724488
3324507864184 17314086960 3307192724552
3324507864184 17314086960 3307192726600
3324507864184 17314086960 3307192728584
3324507864184 17314087008 3307192724488
3324507864184 17314088960 3307192722512
3324507864184 17314088960 3307192722536
3324507864184 17314088960 3307192722552
3324507864184 17314088960 3307192726632
3324507864184 17314088992 3307192722448
3324507864184 17314088992 3307192722512
3324507864184 17314091040 1108169468944
3324507864184 17314091040 3307192722448
3324507864184 17314091040 3307192724488
3324507864184 17314091040 3307192724496
3324507864184 17314091040 3307192724552
3324507864184 17314091056 1108170517512
3324507864184 17314091056 3307192724488
3324507864184 17314091104 3307192724488
3324507864184 17314091120 1108169466888
3324507864184 17314091120 3307192722440
3324507864184 17314093056 3307192722520
3324507864184 17314093088 3307192722448
3324507864184 17315135488 1108169473096
3324507864184 17315135488 2207681092680
3324507864184 17315135488 3307192720456
3324507864184 17315135488 8657845320
3324507864184 17315135504 2207681092680
3324507864184 17315135504 3307192720456
3324507864184 17315135520 1108169470992
3324507864184 17315135520 1108169473032
3324507864184 17315135536 1108169473032
3324507864184 17315135584 1108169473032
3324507864184 17315139616 8657841168
3324507864184 17315143728 2207681092616
3324507864184 17315143792 3307192718344
3324507864184 17315147856 2207681088520
3324507864184 32 3307192720392
3324507864184 32 3307192724488
3324507864184 32 3307192726544
3324507864184 32 3307192728584
3324507864184 32 3307193771080
3324507864184 32 3307193773128
3324507864184 4096 3307193771080
3324507864184 4096 3307193773128
3324507864184 4128 2207681096720
3324507864184 4128 3307193773064
3324507864184 4144 1108169468936
3324507864184 4144 1108170517512
3324507864184 4144 3307193773064
3324507864184 4192 3307193773064
3324507864184 48 3307192728584
3324507864184 6144 3307193771096
3324507864184 64 3307192720392
3324507864184 64 3307192720424
3324507864184 96 3307192728584
3324507864184 96 3307193773064
