3324507864688 1052704 3307192725008
3324507864688 134221856 3307192725008
3324507864688 134221856 3307193773584
3324507864688 17179869216 1108170518032
3324507864688 17179869216 3307193773568
3324507864688 17179869216 3307193773584
3324507864688 17179869280 1108170518032
3324507864688 17179869280 3307193773568
3324507864688 17179869280 3307193773584
3324507864688 17179873312 1108170518032
3324507864688 17179873312 3307193773568
3324507864688 17314086912 1108169471056
3324507864688 17314086912 3307192726608
3324507864688 17314086944 1108170518032
3324507864688 17314091040 3307192722448
3324507864688 17314091040 3307192724496
3324507864688 17315135488 2207681090640
3324507864688 32 3307193773584
3324507864688 4128 3307192725008
