3324507861088 0 1108303679520
3324507861088 0 3307192717344
3324507861088 0 3307192717408
3324507861088 0 3307192725536
3324507861088 0 3307193765984
3324507861088 0 3307326935072
3324507861088 0 3307326935136
3324507861088 1048576 3307192717344
3324507861088 1048576 3307192717408
3324507861088 1048576 3307326935072
3324507861088 1048576 3307326935136
3324507861088 1056768 3307192717344
3324507861088 1056768 3307326935072
3324507861088 1056832 1108169461792
3324507861088 1056832 3307192717344
3324507861088 134217728 3307192717344
3324507861088 134217728 3307192717408
3324507861088 134217728 3307193765920
3324507861088 134217728 3307193765984
3324507861088 17179869184 3307192717408
3324507861088 17180925952 1108303679520
3324507861088 17180925952 3307192717344
3324507861088 17180926016 3307192717344
3324507861088 17314086912 1108169469984
3324507861088 17314086912 3307192725536
3324507861088 17315135488 1108169469984
3324507861088 17315143680 3307192717344
3324507861088 8192 1108303679520
3324507861088 8192 3307192717408
3324507861088 8192 3307326935072
3324507861088 8256 1108303679520
3324507861088 8256 3307326935072
