3324507864696 0 3307193773576
3324507864696 135266352 8657845824
3324507864696 135270432 8657839120
3324507864696 135270432 8657841168
3324507864696 17179869216 1108170518016
3324507864696 17179869216 3307193773568
3324507864696 17179869232 2207681098824
3324507864696 17179869232 3307193773568
3324507864696 17179869232 3307193773576
3324507864696 17179873328 3307192725000
3324507864696 17179873328 3307193773568
3324507864696 17179873392 1108170509832
3324507864696 17179873392 2207682137608
3324507864696 17179873392 3307193765384
3324507864696 17314086944 3307192722504
3324507864696 17314086944 3307192726600
3324507864696 17314088992 3307192726600
3324507864696 17314091056 3307192722440
3324507864696 17314091056 3307192724480
3324507864696 17314091056 3307192724488
3324507864696 17314091120 1108169469440
3324507864696 17314091120 1108170509832
3324507864696 17314091120 3307192724992
3324507864696 32 3307193773576
3324507864696 4144 3307192725000
3324507864696 4144 3307193773568
3324507864696 4208 3307193765384
3324507864696 4208 3307193773568
