3324507864700 0 2207681100868
3324507864700 134217752 3307192728644
3324507864700 134217752 3307192729156
3324507864700 135266304 8657845316
3324507864700 135266352 67908616
3324507864700 135266352 8657843208
3324507864700 135266360 8657843268
3324507864700 135274544 25837704200
3324507864700 135274544 8657835016
3324507864700 17179869184 2207681100868
3324507864700 17314086912 3307192722504
3324507864700 17314088960 3307192722504
3324507864700 17314088960 3307192726600
3324507864700 17314091056 1108169466888
3324507864700 17314091056 3307192722440
3324507864700 17314091056 3307192724992
3324507864700 17314091064 3307192724484
3324507864700 17314091064 3307192724996
3324507864700 17314093104 3307192722440
3324507864700 17315135488 8657845316
3324507864700 17315135504 2207681093188
3324507864700 17315135512 2207681093188
3324507864700 17315135512 3307192720452
3324507864700 17315135512 3307192720964
3324507864700 17315135536 2207681090568
3324507864700 17315135536 2207681093188
3324507864700 17315135536 8657843208
3324507864700 17315143712 2207681093140
3324507864700 24 3307192728644
3324507864700 4144 3307192724992
3324507864700 4144 3307193773568
3324507864700 4152 3307193773568
3324507864700 4152 3307193773572
3324507864700 48 2207681098760
