3324507864188 0 3307193771080
3324507864188 112 3307192726536
3324507864188 134221936 2207682137100
3324507864188 134221936 3307193764876
3324507864188 134221936 68946956
3324507864188 134221936 8658881548
3324507864188 135266352 1108169471040
3324507864188 135266352 1108169471048
3324507864188 17179869216 1108170517508
3324507864188 17179869216 2207682145284
3324507864188 17179869216 3307193773060
3324507864188 17179869232 1108170517516
3324507864188 17179869232 2207681098760
3324507864188 17179869232 3307193773060
3324507864188 17179869232 3307193773068
3324507864188 17179869296 1108170517516
3324507864188 17179869296 3307193773068
3324507864188 17179873328 1108170517516
3324507864188 17179873328 3307193773068
3324507864188 17179873392 2207682137100
3324507864188 17179873392 3307193764876
3324507864188 17314086928 3307192722504
3324507864188 17314086928 3307192724552
3324507864188 17314086960 1108170517516
3324507864188 17314088976 3307192726600
3324507864188 17314091008 3307192722504
3324507864188 17314091008 3307192724552
3324507864188 17314091056 1108169468936
3324507864188 17314091056 3307192722440
3324507864188 17314091056 3307192724488
3324507864188 17314091120 8658881548
3324507864188 17315135488 2207681092676
3324507864188 17315135488 3307192720452
3324507864188 17315135504 2207681092684
3324507864188 17315135504 3307192720452
3324507864188 17315135504 3307192720460
3324507864188 17315135536 1108169471048
3324507864188 17315135600 2207681090568
3324507864188 17315135600 3307192718344
3324507864188 2048 3307193771080
3324507864188 2048 3307193771096
3324507864188 4144 1108169468936
3324507864188 4208 2207682137100
3324507864188 48 1108170517508
3324507864188 48 1108170517516
3324507864188 48 3307192726600
3324507864188 48 3307193773068
3324507864188 6192 3307193771016
