3997695 0 1842977
3997695 0 794180
3997695 128 1842977
3997695 128 794401
3997695 158 1842976
3997695 158 794400
3997695 16 791552
3997695 16 791584
3997695 24 791584
3997695 24 792064
3997695 24 792096
3997695 2 794180
3997695 28 792096
3997695 28 792320
3997695 28 792352
3997695 30 1842976
3997695 30 792352
3997695 30 794400
3997695 4464 1887747
3997695 4464 1887755
3997695 4541 1895936
3997695 4600 1887746
3997695 4600 1887750
3997695 56 792132
3997695 56 794116
3997695 58 792132
3997695 58 794116
3997695 8256 794401
3997695 8286 794400
