425536972930684 1052720 3307192724992
425536972930684 16 141845657828932
425536972930684 17179873328 3307192724992
425536972930684 17314093104 1108169466888
425536972930684 17314093104 3307192722440
425536972930684 17315135512 2207681092676
425536972930684 17315135512 3307192720452
425536972930684 17315139632 1108169466888
425536972930684 17315139632 1108169469440
425536972930684 2072 800288
425536972930684 2080 791552
425536972930684 2136 792096
425536972930684 2216338391056 1108169465412
425536972930684 2216338391056 141845657820740
425536972930684 2216338391056 141845657828932
425536972930684 2216338391064 141845657820740
425536972930684 2216338391064 141845657828932
425536972930684 2216338391088 141845657820740
425536972930684 2216338391088 141845657828932
425536972930684 2216338399248 141845657820740
425536972930684 2216338399248 141845657820772
425536972930684 2216338399264 423320634531348
425536972930684 2216338399328 141845657820692
425536972930684 2216338403408 141845657816072
425536972930684 2216338403408 423320634526728
425536972930684 283691315101712 141845657820740
425536972930684 283691315109888 1108169465428
425536972930684 283691315109920 141845657820692
425536972930684 32 787472
425536972930684 32 787476
425536972930684 32 791568
425536972930684 32 791572
425536972930684 40 791568
425536972930684 4144 3307192722440
425536972930684 4144 3307192724992
425536972930684 4144 3307326942720
425536972930684 4160 68947488
425536972930684 4176 67898888
425536972930684 4176 68947456
425536972930684 4176 68947464
425536972930684 64 787472
425536972930684 64 787476
425536972930684 64 791552
425536972930684 64 791568
425536972930684 64 791572
425536972930684 72 791568
