425536972930686 0 795732
425536972930686 1048608 795668
425536972930686 1048616 795664
425536972930686 108 792080
425536972930686 135266320 67902532
425536972930686 135266320 8657837124
425536972930686 135266352 8657837124
425536972930686 135266352 8657845316
425536972930686 17180917784 67900932
425536972930686 17180917784 67900964
425536972930686 17180925952 8657835044
425536972930686 17180925952 8657835060
425536972930686 17180925976 8657835552
425536972930686 17180925976 8792053280
425536972930686 17314091064 1108169468928
425536972930686 17314091064 1108169469440
425536972930686 17314091064 3307192724480
425536972930686 17314091064 3307192724992
425536972930686 17315135504 2207681092676
425536972930686 17315135504 8657837124
425536972930686 17315139632 1108169468928
425536972930686 2216203128864 141845658873346
425536972930686 2216203128864 141845658873350
425536972930686 2216203128956 1108170518016
425536972930686 2216338399264 141845657820692
425536972930686 2216338399264 423320634531348
425536972930686 281474976710704 2207681098816
425536972930686 281474976710712 2207681098820
425536972930686 281475111977008 8657835072
425536972930686 281475111977008 8657843264
425536972930686 281475111977016 8657843264
425536972930686 281475111977016 8657843268
425536972930686 281492291846192 2207681090624
425536972930686 281492291846192 8657843264
425536972930686 281492291846200 8657843268
425536972930686 32 792086
425536972930686 40 792082
425536972930686 4144 3307192724480
425536972930686 4208 67898880
425536972930686 4208 67907072
425536972930686 6176 795668
425536972930686 64 787986
425536972930686 64 792082
425536972930686 64 792086
425536972930686 72 792082
425536972930686 76 792080
425536972930686 8 795728
425536972930686 96 787472
425536972930686 96 787986
425536972930686 96 791552
425536972930686 96 791568
425536972930686 96 792082
