425536972930160 0 3307192724560
425536972930160 0 67904592
425536972930160 0 67906640
425536972930160 0 67908624
425536972930160 0 799760
425536972930160 1052704 3307192722448
425536972930160 134217728 67906640
425536972930160 134217728 67908624
425536972930160 134217728 8657839184
425536972930160 134217728 8657841232
425536972930160 134217728 8657843216
425536972930160 134217760 144044681077776
425536972930160 134217760 3307192722448
425536972930160 134217760 67910672
425536972930160 134217760 8657843216
425536972930160 134217760 8657845264
425536972930160 134217824 8657839120
425536972930160 134221856 141845658870800
425536972930160 134221856 141845658872848
425536972930160 134221856 3307192722448
425536972930160 134221856 3307193771024
425536972930160 17179869216 1108170517504
425536972930160 17179869216 144044681077776
425536972930160 17179869216 144044681079824
425536972930160 17179869216 3307192722448
425536972930160 17179869216 3307192724496
425536972930160 17179869216 3307193773056
425536972930160 17179869280 1108170517504
425536972930160 17179869280 3307193773056
425536972930160 17179873312 1108170517504
425536972930160 17179873312 3307193773056
425536972930160 17179873312 423320634534928
425536972930160 17179873312 423320635583504
425536972930160 17314086912 1108169466960
425536972930160 17314086912 1108169469008
425536972930160 17314086912 1108169470992
425536972930160 17314086912 3307192722512
425536972930160 17314086912 8657841232
425536972930160 17314086912 8657843216
425536972930160 17314086944 1108169466896
425536972930160 17314086944 1108169470992
425536972930160 17314086944 1108169473040
425536972930160 17314086944 1108170517504
425536972930160 17314086944 141845658872832
425536972930160 17314086944 3307192722448
425536972930160 17314086944 8657845264
425536972930160 17314087008 1108169466896
425536972930160 17314087008 3307192722448
425536972930160 17314091008 1108169466960
425536972930160 17314091008 3307192722512
425536972930160 17315135488 1108169469008
425536972930160 17315135488 2207681092672
425536972930160 17315135488 3307192720448
425536972930160 17315135520 1108169468944
425536972930160 17315135520 1108169470992
425536972930160 2199023255584 1108170517504
425536972930160 2199023255584 1125350386688
425536972930160 2199023259680 141845658870800
425536972930160 2199023259680 141845658872848
425536972930160 2216203124768 1108170517520
425536972930160 2216203124768 141845658872832
425536972930160 2216203124768 141845658872848
425536972930160 2216203124832 141845658872832
425536972930160 2216203124832 141845658872848
425536972930160 2216203128864 141845658872832
425536972930160 2216203128864 141845658872848
425536972930160 2216337342464 1108169468944
425536972930160 2216337342464 1108169469008
425536972930160 2216337342464 1108169470992
425536972930160 2216337342464 141845657822288
425536972930160 2216337342464 141845657824272
425536972930160 2216337342464 141845657824336
425536972930160 2216337342464 141845657824368
425536972930160 2216337342464 141845657826320
425536972930160 2216337342464 141845657826384
425536972930160 2216337342464 141845657828368
425536972930160 2216337342464 141845657828432
425536972930160 2216337342464 141845658872912
425536972930160 2216337342496 1108169468944
425536972930160 2216337342496 1108169473040
425536972930160 2216337342496 141845657822224
425536972930160 2216337342496 141845657824272
425536972930160 2216337342496 141845657824336
425536972930160 2216337342496 141845657826320
425536972930160 2216337342496 141845657828368
425536972930160 2216337342496 141845658872832
425536972930160 2216337342496 141845658872848
425536972930160 2216337342528 141845657826320
425536972930160 2216337342528 141845657828368
425536972930160 2216337342560 141845657822224
425536972930160 2216337342560 141845657824272
425536972930160 2216337342560 141845658872848
425536972930160 2216337346560 1108169469008
425536972930160 2216337346560 141845657822288
425536972930160 2216337346560 141845657824336
425536972930160 2216337346592 1108169468944
425536972930160 2216337346592 141845657822224
425536972930160 2216337346592 141845657824272
425536972930160 2216337346592 141845658872848
425536972930160 2216337346656 141845657822224
425536972930160 2216338391040 141845657822288
425536972930160 2216338391040 141845657824272
425536972930160 2216338391040 141845657824320
425536972930160 2216338391040 141845657824336
425536972930160 2216338391040 141845657824368
425536972930160 2216338391040 141845657826384
425536972930160 2216338391040 141845657828432
425536972930160 2216338391072 141845657824272
425536972930160 2216338391072 141845657824336
425536972930160 2216338391072 141845657826320
425536972930160 2216338391072 141845657828368
425536972930160 2216338395136 141845657824336
425536972930160 2216338395168 141845657824272
425536972930160 2216338395232 141845657816080
425536972930160 281474976714784 141845658870800
425536972930160 281474976714784 141845658872848
425536972930160 281475110928416 141845658872848
425536972930160 283691179835424 141845658872832
425536972930160 283691179835424 141845658872848
425536972930160 283691314053120 141845657822288
425536972930160 283691314053120 141845657824336
425536972930160 283691314053120 141845657826320
425536972930160 283691314053120 141845657826384
425536972930160 283691314053120 141845657828368
425536972930160 283691314053120 141845657828432
425536972930160 283691314053152 141845657824272
425536972930160 283691314053152 141845657826320
425536972930160 283691314053152 141845657828368
425536972930160 283691314057216 141845657824336
425536972930160 283691314057248 141845657822224
425536972930160 283691314057248 141845657824272
425536972930160 32 141845658872848
425536972930160 32 2207681098768
425536972930160 32 3307192724496
425536972930160 32 3307192726544
425536972930160 32 67908624
425536972930160 32 67910672
425536972930160 4128 141845658870800
425536972930160 4128 141845658872848
425536972930160 4128 3307326940176
425536972930160 96 67904528
