425536972927072 0 1125349330976
425536972927072 0 141845657817184
425536972927072 0 141845792034848
425536972927072 0 141862837686304
425536972927072 0 141862837686368
425536972927072 0 3307192717344
425536972927072 0 423320634527776
425536972927072 0 423320634527840
425536972927072 0 423320635576416
425536972927072 0 423320768745568
425536972927072 0 423337814397024
425536972927072 0 67907616
425536972927072 0 798752
425536972927072 1048576 141845657817184
425536972927072 1048576 141845792034912
425536972927072 1048576 423320634527776
425536972927072 1048576 423320634527840
425536972927072 1048576 423320768745504
425536972927072 1048576 423320768745568
425536972927072 1056768 1108169461792
425536972927072 1056768 141845657817120
425536972927072 1056768 141845792034848
425536972927072 1056768 144044681072672
425536972927072 1056832 141845657817120
425536972927072 1056832 141862837686304
425536972927072 134217728 1125349330976
425536972927072 134217728 141845657817184
425536972927072 134217728 141845658865760
425536972927072 134217728 141862837686304
425536972927072 134217728 423320634527776
425536972927072 134217728 423320634527840
425536972927072 134217728 423320635576352
425536972927072 134217728 423320635576416
425536972927072 134217728 67907616
425536972927072 134217728 8657842208
425536972927072 135274496 1125349330976
425536972927072 135274496 141845657817120
425536972927072 135274496 141862837686304
425536972927072 135274496 142945169444896
425536972927072 135274496 144044681072672
425536972927072 135274560 1108169461792
425536972927072 135274560 141845657817120
425536972927072 17179869184 141845657817184
425536972927072 17179869184 144044681072672
425536972927072 17179869184 144044681072736
425536972927072 17179869184 3307192717344
425536972927072 17179869184 423320634527776
425536972927072 17179869184 423320634527840
425536972927072 17179869184 423320768745504
425536972927072 17179869184 423320768745568
425536972927072 17180917760 67899424
425536972927072 17180917760 67903520
425536972927072 17180917760 67907616
425536972927072 17180925952 1108169461792
425536972927072 17180925952 1108303679520
425536972927072 17180925952 141845657817120
425536972927072 17180925952 141845792034848
425536972927072 17180925952 144044681072672
425536972927072 17180925952 3307192717344
425536972927072 17180925952 8792051744
425536972927072 17314086912 1108169469984
425536972927072 17314086912 8657842208
425536972927072 17315135488 67907616
425536972927072 17315135488 8657834016
425536972927072 17315135488 8657838112
425536972927072 17315135488 8657842208
425536972927072 17315143680 144044681072672
425536972927072 17315143680 3307192717344
425536972927072 17315143744 1108169461792
425536972927072 2199023255552 141845657817184
425536972927072 2199023255552 141845792034848
425536972927072 2199023255552 141845792034912
425536972927072 2199023255552 141862837686304
425536972927072 2199023255552 423320634527776
425536972927072 2199023255552 423320634527840
425536972927072 2199023255552 423320768745504
425536972927072 2199023263744 1108303679520
425536972927072 2199023263744 141845792034848
425536972927072 2199024312320 1108169461792
425536972927072 2199024312320 141845657817120
425536972927072 2199024312320 141845792034848
425536972927072 2199024312384 1108169461792
425536972927072 2199024312384 141845657817120
425536972927072 2199158521856 8657834016
425536972927072 2199158521856 8657842208
425536972927072 2199158530048 1125349330976
425536972927072 2199158530048 141845657817120
425536972927072 2199158530048 141862837686304
425536972927072 2199158530112 141845657817120
425536972927072 2216203124736 141845792034848
425536972927072 2216204181504 1108303679520
425536972927072 2216204181504 141845657817120
425536972927072 2216204181504 141845792034848
425536972927072 2216204181568 141845657817120
425536972927072 2216337342464 1108169469984
425536972927072 2216337342464 141845657825312
425536972927072 2216338391040 1108169469984
425536972927072 2216338391040 8657842208
425536972927072 2216338399232 423320634527776
425536972927072 2216338399296 141845657817120
425536972927072 281474977767424 1108169461792
425536972927072 281474977767424 141845657817120
425536972927072 281474977767424 141845792034848
425536972927072 281475111985152 1125349330976
425536972927072 281475111985152 141845657817120
425536972927072 281475111985152 141862837686304
425536972927072 281492157636608 141845657817120
425536972927072 283674001022976 141845657817120
425536972927072 283674001022976 141845792034848
425536972927072 283674001023040 141845657817120
425536972927072 283691180892160 141845657817120
425536972927072 283691315101696 1108169469984
425536972927072 283691315109888 141845657817120
425536972927072 64 1125349330976
425536972927072 64 141862837686304
425536972927072 64 423320634527776
425536972927072 64 423337814396960
425536972927072 8192 423320634527776
425536972927072 8192 423320634527840
425536972927072 8192 423320635576352
