425536972930172 0 799764
425536972930172 1048592 67900424
425536972930172 1048592 791560
425536972930172 1048624 67900424
425536972930172 1048624 67908616
425536972930172 135266320 67900424
425536972930172 135266320 67908616
425536972930172 135266352 67908616
425536972930172 135266352 8657835016
425536972930172 135266352 8657843208
425536972930172 17179869216 1108170517508
425536972930172 17179869216 8658889732
425536972930172 17179869232 1108170517508
425536972930172 17179869232 1108170517516
425536972930172 17179869232 3307193773060
425536972930172 17179869232 8658889740
425536972930172 17314086944 1108169466900
425536972930172 17314086944 8657839124
425536972930172 17314091056 1108169466888
425536972930172 17314091056 1108169468928
425536972930172 17314091056 1108169468936
425536972930172 17314091056 3307192722440
425536972930172 17314091056 8657841160
425536972930172 17315135504 2207681092676
425536972930172 17315135504 3307192720452
425536972930172 17315135504 67900448
425536972930172 17315135504 67908640
425536972930172 17315135536 2207681090568
425536972930172 17315139632 1108169468936
425536972930172 2048 795668
425536972930172 2064 791560
425536972930172 2096 2207681098760
425536972930172 2096 3307192726536
425536972930172 2216203124768 1108170517508
425536972930172 2216203124768 141845658872836
425536972930172 2216203124784 1108170517516
425536972930172 2216203124784 141845658872836
425536972930172 2216203124784 141845658872844
425536972930172 2216337342464 141845657826324
425536972930172 2216337342496 1108169466900
425536972930172 2216337342496 141845657822228
425536972930172 2216337342528 141845657826324
425536972930172 2216337342528 141845657826332
425536972930172 2216337342560 141845657822228
425536972930172 2216337346608 1108169468936
425536972930172 2216337346608 141845657824264
425536972930172 2216338391040 141845657828428
425536972930172 2216338391088 141845657828420
425536972930172 2216338395184 141845657822216
425536972930172 2216338395184 141845657824264
425536972930172 2216338403408 423320634526728
425536972930172 281474976710704 2207681098824
425536972930172 281475111977008 1108169471040
425536972930172 281475111977008 8657843264
425536972930172 281492291846192 2207681090632
425536972930172 283691314057264 1108169468936
425536972930172 283691314057264 141845657824264
425536972930172 4144 3307192724488
425536972930172 4144 423320634534920
425536972930172 48 2207681098760
425536972930172 48 8658889732
425536972930172 48 8658889740
425536972930172 96 791572
