425541267897982 1048576 794180
425541267897982 1048632 792132
425541267897982 1048632 794116
425541267897982 134217728 794180
425541267897982 134217784 792132
425541267897982 134217784 794116
425541267897982 135266304 67902548
425541267897982 135266304 794180
425541267897982 135266304 794196
425541267897982 135266312 67902532
425541267897982 135266312 794180
425541267897982 135266336 67902532
425541267897982 135266336 794180
425541267897982 135274496 67903060
425541267897982 135274496 794196
425541267897982 17180917760 67902548
425541267897982 17180917768 67902532
425541267897982 17180917792 67902532
425541267897982 17315135488 67902548
425541267897982 17315135488 67903044
425541267897982 17315135488 67903060
425541267897982 17315135496 67903044
425541267897982 17315135520 67903044
425541267897982 17315143680 67903060
425541267897982 17315143680 8657837652
425541267897982 2216203128924 1108170509824
425541267897982 2216203128924 1108170518016
425541267897982 2216338391040 8657837636
425541267897982 2216338391040 8657837652
425541267897982 2216338399232 1108169465428
425541267897982 2216338399232 8657837652
425541267897982 2216338399264 1108169465364
425541267897982 2216338399264 141845657820692
425541267897982 24 792064
425541267897982 24 792068
425541267897982 56 792068
425541267897982 56 792128
425541267897982 56 792132
425541267897982 56 794112
425541267897982 56 794116
