425536972930168 0 144044681073736
425536972930168 0 423320634526760
425536972930168 0 791592
425536972930168 0 799760
425536972930168 0 799784
425536972930168 1048608 67908624
425536972930168 1048608 799760
425536972930168 1050656 67904528
425536972930168 134217728 67906568
425536972930168 134217760 67906568
425536972930168 134217760 67908624
425536972930168 134217760 8657841160
425536972930168 134217760 8657843216
425536972930168 134219808 8657839120
425536972930168 134221872 3307192722440
425536972930168 134221872 3307192724480
425536972930168 134221872 3307193771016
425536972930168 134221872 3307193773056
425536972930168 134221872 423320634534920
425536972930168 134221872 423320635583496
425536972930168 134221936 67906560
425536972930168 135266336 67908624
425536972930168 135266336 8657839120
425536972930168 135266336 8657843216
425536972930168 17179873312 144044681077776
425536972930168 17179873312 3307192722448
425536972930168 17179873328 423320634534920
425536972930168 17179873328 423320635583496
425536972930168 17314086912 1108169466960
425536972930168 17314086912 8657839184
425536972930168 17314086944 1108169466896
425536972930168 17314086944 1108169468936
425536972930168 17314086944 1108169470992
425536972930168 17314086944 8657839120
425536972930168 17314086944 8657841160
425536972930168 17314086944 8657843216
425536972930168 17314086960 1108169468936
425536972930168 17314086960 3307192724488
425536972930168 17314087008 1108169468936
425536972930168 17314087008 3307192724488
425536972930168 17314088960 1108169466960
425536972930168 17314088960 3307192722512
425536972930168 17314088992 1108169466896
425536972930168 17314088992 3307192722448
425536972930168 17314091040 1108169466896
425536972930168 17314091040 1108169468936
425536972930168 17314091040 3307192722448
425536972930168 17314091040 3307192724488
425536972930168 17314093088 1108169466896
425536972930168 17314093088 3307192722448
425536972930168 17315135488 1108169466960
425536972930168 17315135488 1108169471056
425536972930168 17315135520 1108169466896
425536972930168 17315135520 1108169468936
425536972930168 17315135520 1108169470992
425536972930168 17315135520 1108169473032
425536972930168 17315135520 8657843216
425536972930168 17315135520 8657845256
425536972930168 17315135536 2207681090568
425536972930168 17315135536 8657843208
425536972930168 17315139616 1108169466896
425536972930168 2048 795664
425536972930168 2064 799776
425536972930168 2080 67904528
425536972930168 2128 791584
425536972930168 2144 795664
425536972930168 2199023259696 423320634534920
425536972930168 2199023259696 423320635583496
425536972930168 2216337342464 1108169466960
425536972930168 2216337342464 141845657822288
425536972930168 2216337342464 141845657826384
425536972930168 2216337342464 141845658870856
425536972930168 2216337342464 141845658870904
425536972930168 2216337342464 141845658872904
425536972930168 2216337342496 1108169466896
425536972930168 2216337342496 1108169468936
425536972930168 2216337342496 1108169470992
425536972930168 2216337342496 141845657822224
425536972930168 2216337342496 141845657822288
425536972930168 2216337342496 141845657824264
425536972930168 2216337342496 141845657826320
425536972930168 2216337342496 141845658870856
425536972930168 2216337342496 141845658872840
425536972930168 2216337342496 141845658872904
425536972930168 2216337342512 141845657824264
425536972930168 2216337342512 141845658872840
425536972930168 2216337342560 141845657824264
425536972930168 2216337342560 141845657828360
425536972930168 2216337344512 141845657822288
425536972930168 2216337344544 141845657822224
425536972930168 2216337346592 1108169466896
425536972930168 2216337346592 141845657822224
425536972930168 2216337346592 141845657824264
425536972930168 2216337346592 141845657824328
425536972930168 2216337346592 141845658872840
425536972930168 2216337346592 141845658872904
425536972930168 2216337346608 1108169468936
425536972930168 2216337346608 141845657822216
425536972930168 2216337346608 141845657824264
425536972930168 2216337346608 141845658872840
425536972930168 2216337348608 141845658870872
425536972930168 2216337348640 141845657822224
425536972930168 2216338391040 141845657822280
425536972930168 2216338391040 141845657824264
425536972930168 2216338391040 141845657824328
425536972930168 2216338391072 1108169470992
425536972930168 2216338391072 1108169473032
425536972930168 2216338391072 141845657822224
425536972930168 2216338391072 141845657824264
425536972930168 2216338391072 141845657824328
425536972930168 2216338391072 141845657826320
425536972930168 2216338391072 141845657828360
425536972930168 2216338391072 141845657828424
425536972930168 2216338395168 141845657822224
425536972930168 2216338395168 141845657824272
425536972930168 2216338395184 141845657824264
425536972930168 2216338395248 141845657816072
425536972930168 283691314053120 141845657826384
425536972930168 283691314053120 141845657826392
425536972930168 283691314053152 141845657822224
425536972930168 283691314053152 141845657824264
425536972930168 283691314053152 141845657826320
425536972930168 283691314057264 141845657824264
425536972930168 32 141845658872840
425536972930168 32 3307192722448
425536972930168 32 67908624
425536972930168 32 799760
425536972930168 4128 3307192722448
425536972930168 4144 423320634534920
425536972930168 4144 423320635583496
425536972930168 48 2207681098760
425536972930168 64 791592
425536972930168 8192 423320634526760
425536972930168 8192 423320634530856
425536972930168 96 791568
425536972930168 96 795664
