425536972931071 0 795728
425536972931071 1048580 787472
425536972931071 1048580 795664
425536972931071 1050624 791552
425536972931071 1050624 795648
425536972931071 1050624 799744
425536972931071 110 792336
425536972931071 30 792352
425536972931071 30 794400
425536972931071 31 792480
425536972931071 31 794400
425536972931071 36 788241
425536972931071 36 792337
425536972931071 4216 68946944
425536972931071 4216 68947456
425536972931071 4220 68947456
425536972931071 4220 68947458
425536972931071 6176 795664
425536972931071 68 787472
425536972931071 68 791568
425536972931071 72 787472
425536972931071 72 791552
425536972931071 72 791568
425536972931071 76 787984
425536972931071 76 791568
425536972931071 76 792080
425536972931071 78 788240
425536972931071 78 792080
425536972931071 78 792336
425536972931071 79 792336
425536972931071 96 788241
425536972931071 96 792337
