425536972930174 0 67904592
425536972930174 0 68955140
425536972930174 104 791568
425536972930174 1048576 67902532
425536972930174 1048576 795668
425536972930174 1048584 795664
425536972930174 1048608 795664
425536972930174 1048608 795668
425536972930174 1048608 799760
425536972930174 1048608 799764
425536972930174 1048616 799760
425536972930174 1048632 67900484
425536972930174 1050656 799744
425536972930174 134217728 8657839184
425536972930174 134217768 1108170517508
425536972930174 134217768 141845658872836
425536972930174 134223904 8657839120
425536972930174 135266304 67902532
425536972930174 135266304 8657837124
425536972930174 17180925952 8657835060
425536972930174 17180925952 8792052788
425536972930174 17315135488 2207681092676
425536972930174 17315135488 8657837124
425536972930174 17315135536 2207681092676
425536972930174 17315135536 8657845316
425536972930174 2080 787472
425536972930174 2080 787476
425536972930174 2216203124776 141845658872836
425536972930174 2216337342464 141845657822292
425536972930174 2216337342472 141845657824324
425536972930174 2216337346592 1108169466900
425536972930174 2216337346592 141845657822228
425536972930174 2216337348640 141845657822228
425536972930174 2216338391088 141845657820228
425536972930174 2216338391088 141845657828420
425536972930174 281475110928424 141845658872836
425536972930174 32 68955140
425536972930174 32 787472
425536972930174 32 787476
425536972930174 32 791568
425536972930174 32 791572
425536972930174 32 8658889732
425536972930174 40 1108170517508
425536972930174 40 791568
425536972930174 40 8658889732
425536972930174 4184 68946944
425536972930174 4184 68955136
425536972930174 4216 68953092
425536972930174 4216 68955136
425536972930174 48 2207681100868
425536972930174 6176 67904528
425536972930174 64 787472
425536972930174 64 787476
425536972930174 64 791568
425536972930174 64 791572
425536972930174 72 791568
425536972930174 96 787476
425536972930174 96 791572
