425536972930943 17180917776 67900416
425536972930943 17180917776 67900448
425536972930943 17180925968 202118176
425536972930943 17180925968 67900448
425536972930943 17180925976 202118176
425536972930943 17180925976 8657835040
425536972930943 17180925976 8792052768
425536972930943 28 792322
425536972930943 28 792352
425536972930943 28 792354
425536972930943 30 794400
425536972930943 30 802592
425536972930943 36 787986
425536972930943 36 792082
425536972930943 4188 67898882
425536972930943 4188 68947458
425536972930943 78 792336
425536972930943 92 792352
425536972930943 92 792354
425536972930943 94 794400
