425536972925952 0 1108170517504
425536972925952 0 141845658872832
425536972925952 134217728 141845658872832
425536972925952 17179869184 3307193773056
425536972925952 17314086912 141845658872832
425536972925952 17314086912 144044681079808
425536972925952 17314086912 3307192724480
425536972925952 17315135488 144044681071616
425536972925952 2199023255552 1125350386688
425536972925952 2199023255552 141845658872832
425536972925952 2199023255552 141862838742016
425536972925952 2199157473280 141845658872832
425536972925952 281474976710656 141845658872832
425536972925952 281492290797568 141845658872832
