425541270044671 1048632 67900480
425541270044671 1048632 67900484
425541270044671 1048632 792068
425541270044671 1048632 792128
425541270044671 1048632 792132
425541270044671 1048632 794116
425541270044671 134217784 792068
425541270044671 134217784 792128
425541270044671 134217784 792132
425541270044671 134217784 794116
425541270044671 135266304 67902532
425541270044671 135266304 794180
425541270044671 135266360 67900484
425541270044671 135266360 792132
425541270044671 135266360 794116
425541270044671 156 792320
425541270044671 156 792352
425541270044671 17180917760 67902532
425541270044671 17180917816 67900484
425541270044671 17315135488 67902532
425541270044671 17315135488 67903044
425541270044671 56 792064
425541270044671 56 792068
