425536972930680 0 67904592
425536972930680 0 795728
425536972930680 1048608 67904528
425536972930680 1048608 795664
425536972930680 134217728 67904592
425536972930680 134217728 8657839184
425536972930680 134221936 68947464
425536972930680 134221936 8658882056
425536972930680 134223904 8657839120
425536972930680 135266352 67908616
425536972930680 135266352 8657835016
425536972930680 135266352 8657843208
425536972930680 17179869232 1108170518016
425536972930680 17179869232 3307193773568
425536972930680 17179873392 1108170509832
425536972930680 17179873392 8658882056
425536972930680 17314091056 1108169466888
425536972930680 17314091056 1108169468928
425536972930680 17314091056 3307192722440
425536972930680 17314091056 3307192724480
425536972930680 17314091120 1108170509832
425536972930680 17314091120 8658882056
425536972930680 17315145776 144044681073672
425536972930680 2064 791560
425536972930680 2216203124736 1108170518016
425536972930680 2216203124768 1108170518016
425536972930680 2216203124768 141845658873344
425536972930680 2216203124784 141845658873344
425536972930680 2216203124784 141845658873352
425536972930680 2216203128944 1108170509832
425536972930680 2216203128944 141845658865160
425536972930680 2216337344512 141845658870856
425536972930680 2216337344512 141845658870872
425536972930680 2216337346672 1108170509832
425536972930680 2216337346672 141845658865160
425536972930680 2216338395248 423320634526728
425536972930680 2216338403408 423320634526728
425536972930680 281474976710704 2207681098824
425536972930680 281475111977008 8657843264
425536972930680 281475111977008 8657843272
425536972930680 281492291846192 2207681090632
425536972930680 281492291846192 8657843272
425536972930680 4208 68947464
425536972930680 4208 8658882056
425536972930680 6176 67904528
