425536972927088 0 67907600
425536972927088 0 67907632
425536972927088 134217728 67907632
425536972927088 134217728 8657842192
425536972927088 134217728 8657842224
425536972927088 17314086912 1108169469968
425536972927088 17314086912 1108169470000
425536972927088 17314086912 8657842224
425536972927088 17314086976 1108169469968
425536972927088 17315135488 1108169469968
425536972927088 17315135488 1108169470000
425536972927088 2216337342464 1108169470000
425536972927088 2216337342464 141845657825296
425536972927088 2216337342464 141845657825328
425536972927088 2216338391040 1108169470000
425536972927088 2216338391040 141845657825296
425536972927088 2216338391040 141845657825328
