425536972927040 0 141862837694528
425536972927040 0 2207681097792
425536972927040 0 3307192725568
425536972927040 1048576 141862837694528
425536972927040 1048576 2207681097792
425536972927040 1048576 3307192725568
425536972927040 134217728 142945169453120
425536972927040 134217728 144044681080896
425536972927040 134217728 3307192725568
425536972927040 135266304 3307192725568
425536972927040 17179869184 144044681080896
425536972927040 17179869184 2207681097728
425536972927040 17179869184 2207681097792
425536972927040 17179869184 282583146180672
425536972927040 17179869184 282583280398400
425536972927040 17179869184 3307192725504
425536972927040 17179869184 3307192725568
425536972927040 17314086912 142945169453120
425536972927040 17314086912 144044681080896
425536972927040 17314086912 3307192725568
425536972927040 17315135488 1108169470016
425536972927040 2199023255552 1125349339200
425536972927040 2199023255552 141862837694528
425536972927040 2199024304128 1125349339200
425536972927040 2199024304128 141862837694528
425536972927040 2199157473280 1125349339200
425536972927040 2199157473280 141862837694528
425536972927040 281474976710656 141862837694528
425536972927040 281474976710656 2207681097792
425536972927040 281474976710656 3307192725568
425536972927040 281475110928384 3307192725568
425536972927040 281475111976960 1108169470016
425536972927040 281475111976960 141845657825344
425536972927040 281492291846144 1108169470016
425536972927040 281492291846144 141845657825344
425536972927040 283673999966208 1125349339200
425536972927040 283674001014784 1125349339200
425536972927040 283674135232512 141845657825344
