426086728740928 0 142412593508416
426086728740928 0 143494925267008
426086728740928 0 2757436911680
426086728740928 0 423870390349888
426086728740928 0 423870524567616
426086728740928 1048576 143494925267008
426086728740928 1048576 144594436894784
426086728740928 1048576 2757436911680
426086728740928 1048576 3856948539456
426086728740928 1048576 423870390349888
426086728740928 134217728 143494925267008
426086728740928 134217728 423870390349888
426086728740928 134217728 423887570219072
426086728740928 135266304 142395413639232
426086728740928 135266304 143494925267008
426086728740928 135266304 1657925283904
426086728740928 135266304 3856948539456
426086728740928 17179869184 143494925267008
426086728740928 17179869184 2757436911680
426086728740928 17179869184 3856948539456
426086728740928 17179869184 423870390349888
426086728740928 17179869184 423870524567616
426086728740928 17314086912 143494925267008
426086728740928 17314086912 144594436894784
426086728740928 17314086912 3856948539456
426086728740928 17315135488 142395413639232
426086728740928 2199023255552 142412593508416
426086728740928 2199023255552 423870390349888
426086728740928 2199023255552 423870524567616
426086728740928 2199158521856 141295902011456
426086728740928 2199158521856 142395413639232
426086728740928 2199158521856 1657925283904
426086728740928 2216338391040 142395413639232
426086728740928 281474976710656 142412593508416
426086728740928 281475110928384 3856948539456
426086728740928 281475111976960 142395413639232
426086728740928 281475111976960 1657925283904
426086728740928 281492291846144 142395413639232
426086728740928 283674135232512 142395413639232
