426091023708224 0 143494925267008
426091023708224 0 2757436911680
426091023708224 1099511627776 2757436911680
426091023708224 1099645845504 142945169453120
426091023708224 1099646894080 141295902011456
426091023708224 1099646894080 2757436911680
426091023708224 134217728 143494925267008
426091023708224 135266304 141295902011456
426091023708224 135266304 143494925267008
426091023708224 17315135488 141295902011456
426091023708224 281474976710656 2757436911680
426091023708224 281475111976960 141295902011456
426091023708224 281492291846144 141295902011456
