426091023761407 12 787472
426091023761407 12 787984
426091023761407 14 787984
426091023761407 14 788240
426091023761407 32 787456
426091023761407 32 787472
426091023761407 32 787986
426091023761407 32 788241
426091023761407 4110 788240
426091023761407 4110 790288
426091023761407 4128 787472
426091023761407 4128 787986
426091023761407 4128 788241
426091023761407 4128 790034
426091023761407 4128 790289
426091023761407 4128 795648
426091023761407 4128 795664
426091023761407 44 787984
426091023761407 46 788240
426091023761407 4 787456
426091023761407 4 787472
426091023761407 8 787456
426091023761407 8 787472
