426365901618812 1048624 67900416
426365901618812 1048624 67900424
426365901618812 1048624 67900480
426365901618812 1048624 67900488
426365901618812 135266352 67900424
426365901618812 135266352 67900488
426365901618812 135266352 8657835008
426365901618812 135266352 8657835016
426365901618812 135266352 8657835080
426365901618812 17315135536 2207681090568
426365901618812 17315135536 8657835016
426365901618812 17315137584 2207681090568
426365901618812 17315137584 8657843208
426365901618812 2096 2207681098760
