495905717104736 0 493689512923168
495905717104736 1056768 352951890350112
495905717104736 1056768 352969070219296
495905717104736 1056768 493689378705440
495905717104736 1056768 493689512923168
495905717104736 1056768 493706558574624
495905717104736 1056832 352969070219296
495905717104736 1056832 493689378705440
495905717104736 1056832 493706558574624
495905717104736 135274496 352969070219296
495905717104736 135274496 493689378705440
495905717104736 135274496 493706558574624
495905717104736 17180925952 352952024567840
495905717104736 17180925952 493689378705440
495905717104736 17180925952 493689512923168
495905717104736 2199023255552 493689512923168
495905717104736 2199024312320 352951890350112
495905717104736 2199024312320 493689378705440
495905717104736 2199024312320 493689512923168
495905717104736 2199024312384 493689378705440
495905717104736 2199158530048 493689378705440
495905717104736 2216204181504 493689378705440
495905717104736 8192 352952024567840
495905717104736 8192 493689512923168
