496455472918624 1056768 353501780381728
496455472918624 1056768 353518826033184
496455472918624 1056768 355700803637280
496455472918624 1056768 73675936895008
496455472918624 1056832 353518826033184
496455472918624 135274496 353518826033184
496455472918624 135274496 73675936895008
496455472918624 135274496 74225692708896
496455472918624 140737489412096 71476913639456
496455472918624 140737489412096 72026669453344
496455472918624 140737489412096 74225692708896
496455472918624 140737489412160 72026669453344
496455472918624 140737489412160 74225692708896
496455472918624 140737623629824 71494093508640
496455472918624 140737623629824 72026669453344
496455472918624 140737623629824 72043849322528
496455472918624 140737623629888 72026669453344
496455472918624 140737623629888 74225692708896
496455472918624 140754669281280 71476913639456
496455472918624 140754669281280 72026669453344
496455472918624 140754669281280 73675936895008
496455472918624 140754669281280 74225692708896
496455472918624 140754669281344 72026669453344
496455472918624 140754669281344 74225692708896
496455472918624 140754803499008 73675936895008
496455472918624 140754803499008 74225692708896
496455472918624 142936512667648 71494093508640
496455472918624 142936512667648 72026669453344
496455472918624 142936512667648 72043849322528
496455472918624 142936512667712 72043849322528
496455472918624 142936646885376 72043849322528
496455472918624 142953692536832 72026803671072
496455472918624 2199024312320 353501780381728
496455472918624 422212465065984 72026803671072
496455472918624 422212466122752 71476913639456
496455472918624 422212466122752 72026669453344
496455472918624 422212466122752 72026803671072
496455472918624 422212466122816 72026669453344
496455472918624 422212600340480 71494093508640
496455472918624 422212600340480 72043849322528
