496455472920640 140754803490816 70927157833792
496455472920640 140754803490816 72026669461568
496455472920640 142936512659456 71494093516864
496455472920640 142936512659456 72043849330752
496455472920640 142936645828608 71494093516864
496455472920640 142936645828608 72043849330752
496455472920640 142936646877184 1657925283904
496455472920640 142936646877184 70927157833792
496455472920640 142936646877184 72026669461568
496455472920640 142953826746368 72026669461568
496455472920640 2199158521856 1657925283904
496455472920640 2199158521856 558413656128
