496455472918592 0 353501646172224
496455472918592 0 353518826041408
496455472918592 0 72043849330752
496455472918592 1048576 353501646172224
496455472918592 1048576 353518826041408
496455472918592 1048576 72043849330752
496455472918592 1099646894080 354601157800000
496455472918592 134217728 212781337686080
496455472918592 134217728 2757436911680
496455472918592 134217728 353501646172224
496455472918592 134217728 353518826041408
496455472918592 134217728 3856948539456
496455472918592 134217728 72043849330752
496455472918592 135266304 1657925283904
496455472918592 135266304 354601157800000
496455472918592 135266304 355700669427776
496455472918592 135266304 495338646155328
496455472918592 135266304 558413656128
496455472918592 135266304 74225692717120
496455472918592 140737488355328 2757436911680
496455472918592 140737488355328 3856948539456
496455472918592 140737488355328 72043849330752
496455472918592 140737488355328 74225692717120
496455472918592 140737622573056 3856948539456
496455472918592 140737622573056 74225692717120
496455472918592 140737623621632 1657925283904
496455472918592 140737623621632 354601157800000
496455472918592 140737623621632 70927157833792
496455472918592 140737623621632 72026669461568
496455472918592 140737623621632 74225692717120
496455472918592 140754803490816 72026669461568
496455472918592 142936511610880 71494093516864
496455472918592 142936511610880 72043849330752
496455472918592 142936512659456 72043849330752
496455472918592 142936645828608 72043849330752
496455472918592 142936646877184 72026669461568
496455472918592 17179869184 353501646172224
496455472918592 17179869184 353501780389952
496455472918592 2199023255552 212764157816896
496455472918592 2199023255552 353501646172224
496455472918592 2199023255552 72043849330752
496455472918592 281474976710656 72043849330752
496455472918592 422212465065984 1675105153088
496455472918592 422212465065984 72043849330752
496455472918592 422212600332288 70927157833792
496455472918592 422212600332288 72026669461568
496455472918592 422229780201472 72026669461568
496455472918592 424411623587840 72026669461568
