531090089193568 0 352952024567840
531090089193568 1056768 352951890350112
531090089193568 1056768 352969070219296
531090089193568 1056832 352951890350112
531090089193568 135274496 352951890350112
531090089193568 135274496 352969070219296
531090089193568 140737489412096 71476913639456
531090089193568 140737623629824 71494093508640
531090089193568 142936512667648 71494093508640
531090089193568 142936646885376 71494093508640
531090089193568 17180925952 352951890350112
531090089193568 17180925952 352952024567840
