67903423 0 67903265
67903423 0 67903266
67903423 0 67903273
67903423 0 67903392
67903423 0 67903393
67903423 0 67903400
67903423 0 67903401
67903423 10 67903393
67903423 16 67903392
67903423 16 67903393
67903423 16 67903396
67903423 1 67903266
67903423 1 67903392
67903423 1 67903400
67903423 18 67903393
67903423 2 67903265
67903423 2 67903392
67903423 2 67903393
67903423 2 67903396
67903423 2 67903401
67903423 28 67901218
67903423 29 67901218
67903423 30 67903392
67903423 31 67903264
67903423 4 67903266
67903423 4 67903392
67903423 4 67903393
67903423 4 67903394
67903423 4 67903401
67903423 4 792082
67903423 4 792338
67903423 6 67903393
67903423 8 67903266
67903423 8 67903269
67903423 8 67903392
67903423 8 67903393
67903423 8 67903394
67903423 8 67903396
67903423 8 67903397
67903423 9 67903266
