67911292 0 67903012
67911292 0 67903060
67911292 0 67907136
67911292 0 67907168
67911292 0 67909156
67911292 0 67909172
67911292 0 67911172
67911292 0 67911204
67911292 120 67909124
67911292 16 67903012
67911292 16 67909156
67911292 16 67911204
67911292 2048 67909156
67911292 2048 67909188
67911292 2064 795680
67911292 2064 795688
67911292 2072 67909152
67911292 24 67909156
67911292 24 67911172
67911292 32 67906580
67911292 32 67907076
67911292 32 67909188
67911292 32 67911172
67911292 4096 796244
67911292 4096 796272
67911292 4096 796276
67911292 4104 796272
67911292 64 67903012
67911292 64 67911172
67911292 80 67911172
67911292 8 67903012
67911292 8 67909156
67911292 8 67911172
67911292 8 67911204
67911292 88 67911172
