68959864 0 67907072
68959864 0 67907104
68959864 0 68947456
68959864 0 68947488
68959864 0 68947496
68959864 10288 1840136
68959864 10336 1840136
68959864 12352 67898912
68959864 16 68949096
68959864 2064 68949064
68959864 32 791568
68959864 32 791576
68959864 4096 67907072
68959864 4096 68947496
68959864 4160 67898912
68959864 48 1840192
68959864 48 1840200
68959864 48 791624
68959864 64 67907072
68959864 8192 68947488
68959864 8192 68947496
68959864 8192 68951592
68959864 8208 67900520
68959864 8224 1840152
68959864 8224 791576
68959864 8240 1840136
68959864 8240 1842184
68959864 8240 68951048
68959864 8256 68947496
