68959356 0 1842184
68959356 0 67898412
68959356 0 68946988
68959356 0 68949052
68959356 0 68951108
68959356 10288 1840136
68959356 16 67902540
68959356 16 68951108
68959356 16 68951116
68959356 2048 67900520
68959356 2048 68949096
68959356 32 1842184
68959356 32 1842248
68959356 48 1840192
68959356 48 1840200
68959356 48 791624
68959356 64 67900468
68959356 64 67900476
68959356 8192 67898412
68959356 8192 67902532
68959356 8192 68946980
68959356 8192 68946988
68959356 8192 68949044
68959356 8192 68951084
68959356 8208 67900488
68959356 8208 67902540
68959356 8208 68946980
68959356 8224 1842184
68959356 8224 1842200
68959356 8240 1840136
68959356 8240 1842184
68959356 8240 68951048
68959356 8256 67900476
68959356 8256 68946980
68959356 8256 68946988
68959356 8304 1840136
