68959868 0 1842692
68959868 0 67900468
68959868 0 67902980
68959868 0 67903012
68959868 0 67903044
68959868 0 67903060
68959868 0 67903076
68959868 0 68949572
68959868 0 68951556
68959868 0 68951588
68959868 0 68951620
68959868 0 68951628
68959868 0 68951652
68959868 0 68955652
68959868 0 68959748
68959868 0 787472
68959868 0 787476
68959868 0 791552
68959868 0 791568
68959868 0 791572
68959868 120 68951556
68959868 120 792068
68959868 120 794116
68959868 12288 68947476
68959868 12288 68947492
68959868 12288 68947508
68959868 12368 68947464
68959868 12376 68946944
68959868 12376 68947456
68959868 16 67903044
68959868 16 67903076
68959868 16 68947460
68959868 16 68947492
68959868 16 68949572
68959868 16 68951556
68959868 16 68951588
68959868 16 68951620
68959868 16 68951628
68959868 16 68951652
68959868 16 68959748
68959868 2048 68949572
68959868 2048 787472
68959868 2048 791552
68959868 2064 67900488
68959868 2064 68949064
68959868 24 67903044
68959868 24 68946976
68959868 24 68947488
68959868 24 68949604
68959868 24 68951556
68959868 24 68951620
68959868 32 1842692
68959868 32 1842708
68959868 32 67903044
68959868 4096 68947460
68959868 4096 68947492
68959868 4096 796240
68959868 4096 796244
68959868 4176 68955656
68959868 4216 68947460
68959868 4216 68955648
68959868 48 67900488
68959868 48 68949064
68959868 48 68951620
68959868 56 1842692
68959868 56 68951556
68959868 56 794116
68959868 64 67900464
68959868 64 67900468
68959868 64 68947460
68959868 64 68947476
68959868 64 68951556
68959868 64 68951572
68959868 64 68951588
68959868 72 68951556
68959868 80 68951556
68959868 80 68951588
68959868 8192 67900996
68959868 8192 67903012
68959868 8192 67903044
68959868 8192 67903076
68959868 8192 68946980
68959868 8192 68947460
68959868 8192 68947492
68959868 8192 68951556
68959868 8192 68951588
68959868 8200 67903012
68959868 8200 68946980
68959868 8200 68947492
68959868 8200 68951556
68959868 8200 68951588
68959868 8208 67903012
68959868 8208 67903044
68959868 8208 68947492
68959868 8208 68951588
68959868 8216 1840644
68959868 8216 1842692
68959868 8216 68946976
68959868 8216 68947488
68959868 8216 794116
68959868 8224 1840656
68959868 8224 792080
68959868 8240 1840128
68959868 8240 1840136
68959868 8240 68949000
68959868 8240 68951048
68959868 8248 1842692
68959868 8256 67903012
68959868 8256 68947492
68959868 8256 68947508
68959868 8264 68947492
68959868 8312 1840644
68959868 8312 794116
68959868 8 67900464
68959868 8 67903044
68959868 8 68947460
68959868 8 68947492
68959868 8 68951556
68959868 8 68951588
68959868 8 791568
68959868 96 68947476
68959868 96 68951556
68959868 96 68951572
