68959352 0 67898408
68959352 0 67900464
68959352 0 67902536
68959352 0 67902568
68959352 0 68947016
68959352 0 68947048
68959352 0 68949064
68959352 0 68951048
68959352 0 68951080
68959352 0 68951112
68959352 12288 68946984
68959352 16 67902536
68959352 16 68949064
68959352 16 68951048
68959352 16 68951112
68959352 2048 67900488
68959352 2048 68949064
68959352 32 67900488
68959352 32 68949056
68959352 32 68949064
68959352 32 68951112
68959352 4176 67906568
68959352 48 68949064
68959352 64 68951048
68959352 64 68951080
68959352 8192 67898408
68959352 8192 67900488
68959352 8192 67900520
68959352 8192 67902536
68959352 8192 68946952
68959352 8192 68946984
68959352 8192 68951048
68959352 8192 68951080
68959352 8208 1842184
68959352 8208 67902536
68959352 8208 793608
68959352 8240 1842184
68959352 8256 68946984
