68959870 0 67902980
68959870 0 68951556
68959870 0 68955654
68959870 0 796240
68959870 10296 1840644
68959870 12376 68947460
68959870 2048 67900996
68959870 2048 795700
68959870 2056 795696
68959870 24 67901028
68959870 24 68949604
68959870 32 68951556
68959870 32 68951572
68959870 32 787472
68959870 32 787476
68959870 32 791552
68959870 32 791568
68959870 32 791572
68959870 32 792086
68959870 40 68951556
68959870 40 791568
68959870 40 792082
68959870 4216 68947456
68959870 4216 68947460
68959870 4216 68947462
68959870 4216 68955650
68959870 6152 795664
68959870 6152 795680
68959870 6176 796176
68959870 8192 67900464
68959870 8192 67900468
68959870 8200 1840128
68959870 8200 1840144
68959870 8200 791568
68959870 8224 1840662
68959870 8224 792086
68959870 8248 1840644
68959870 8248 1842692
68959870 8248 68951556
68959870 8312 67902980
68959870 8312 68949508
68959870 8 67902980
68959870 8 68951556
68959870 8 68951620
68959870 8 795696
68959870 96 68955666
68959870 96 68955670
