68960127 0 68955905
68960127 10300 1840898
68960127 12380 68947714
68960127 12 796208
68960127 2060 796208
68960127 30 68947744
68960127 32 68955905
68960127 32 68955907
68960127 32 68955923
68960127 32 787986
68960127 32 792082
68960127 36 68955907
68960127 36 68955921
68960127 36 68955923
68960127 40 68955907
68960127 40 68955923
68960127 4128 68955907
68960127 4128 68955923
68960127 4188 68955906
68960127 4220 68947458
68960127 4220 68947712
68960127 4220 68947714
68960127 44 792080
68960127 48 68955907
68960127 48 68955915
68960127 60 1840704
68960127 60 1840706
68960127 6148 796496
68960127 6148 796498
68960127 6156 796176
68960127 8192 68947763
68960127 8204 68947761
68960127 8222 68947744
68960127 8252 1840642
68960127 8252 1840898
68960127 8252 1842690
68960127 8252 1842944
68960127 8252 1842946
68960127 8252 794114
68960127 96 68955907
68960127 96 68955915
