68960255 0 1843073
68960255 0 68956032
68960255 0 796272
68960255 12380 67899138
68960255 12380 68947714
68960255 12382 68947712
68960255 12 787984
68960255 12 791568
68960255 12 792080
68960255 2052 791552
68960255 32 1843073
68960255 32 1843089
68960255 32 68956032
68960255 32 68956048
68960255 36 792337
68960255 36 792345
68960255 4100 796240
68960255 4100 796496
68960255 4102 796496
68960255 4102 796624
68960255 4222 68955904
68960255 4223 68955904
68960255 4 787472
68960255 4 791552
68960255 4 791568
68960255 4 796272
68960255 4 796496
68960255 4 796528
68960255 6144 796240
68960255 6180 796432
68960255 8192 1840128
68960255 8192 791552
68960255 8228 1840913
68960255 8228 792337
68960255 8252 1840896
68960255 8252 1840898
68960255 8252 792322
68960255 8254 1843073
68960255 8256 792082
68960255 8268 792080
68960255 8318 1843072
68960255 8 787472
68960255 8 791552
68960255 8 791568
