68960126 0 1842946
68960126 0 68955906
68960126 12380 68947458
68960126 124 792322
68960126 124 794370
68960126 32 1842946
68960126 32 1842962
68960126 32 68947722
68960126 32 68955906
68960126 32 68955914
68960126 32 68955922
68960126 4100 796496
68960126 4100 796498
68960126 4188 68955650
68960126 4208 68947714
68960126 4208 68947722
68960126 4220 68947714
68960126 4220 68955904
68960126 48 1840192
68960126 48 68955906
68960126 48 68955914
68960126 48 791616
68960126 56 1840192
68960126 56 1840196
68960126 8192 68947744
68960126 8248 1840132
68960126 8248 1840640
68960126 8248 1840644
68960126 8248 68949508
68960126 8248 68951556
68960126 8248 792068
68960126 8252 1842946
68960126 8316 1840898
68960126 8316 1842944
68960126 8316 794370
