794559 0 792354
794559 0 792496
794559 0 794402
794559 0 794528
794559 12 792352
794559 12 792354
794559 15 792368
794559 16 794402
794559 16 794528
794559 16 794530
794559 16 794532
794559 2 792353
794559 2 792369
794559 28 792354
794559 28 792482
794559 28 794400
794559 4 792337
794559 4 792353
794559 4 792369
794559 4 792496
794559 4 792504
794559 4 794401
794559 4 794409
794559 4 794528
794559 4 794530
794559 6 792369
794559 6 792497
794559 8 794402
794559 8 794405
794559 8 794528
794559 8 794530
794559 8 794532
794559 8 794533
794559 9 794402
