794623 0 794434
794623 0 794436
794623 0 794442
794623 0 794466
794623 0 794564
794623 0 794594
794623 0 794596
794623 12 790370
794623 12 790498
794623 14 792112
794623 14 792336
794623 14 792368
794623 16 794434
794623 16 794442
794623 16 794468
794623 16 794564
794623 16 794596
794623 17 794468
794623 17 794564
794623 17 794596
794623 1 794436
794623 1 794564
794623 1 794596
794623 18 794468
794623 18 794564
794623 18 794596
794623 24 794562
794623 24 794564
794623 24 794594
794623 25 794564
794623 26 794564
794623 2 794436
794623 2 794564
794623 2 794596
794623 28 792480
794623 28 792482
794623 28 794562
794623 29 792354
794623 4 794434
794623 8 794466
794623 8 794594
