801918 0 791568
801918 0 791572
801918 0 791632
801918 0 791636
801918 0 795668
801918 0 795728
801918 0 795732
801918 0 799744
801918 0 799760
801918 0 799764
801918 0 799796
801918 0 799824
801918 0 799828
801918 2048 795668
801918 2048 795728
801918 2048 795732
801918 2048 799744
801918 2112 799744
801918 32 795728
801918 32 795732
801918 32 799764
801918 64 791568
801918 64 791572
801918 64 799744
801918 64 799760
801918 64 799764
801918 72 799760
801918 8 799760
801918 8 799792
801918 8 799824
801918 96 791568
801918 96 791572
