801912 0 789544
801912 0 789608
801912 0 791576
801912 0 791592
801912 0 791608
801912 0 791640
801912 0 793640
801912 0 795680
801912 0 795688
801912 0 795704
801912 0 797704
801912 0 797728
801912 0 797736
801912 0 797768
801912 0 797792
801912 0 797800
801912 0 799760
801912 0 799768
801912 0 799784
801912 0 799800
801912 0 799816
801912 0 799824
801912 0 799832
801912 0 801832
801912 16 795688
801912 16 797704
801912 16 797728
801912 16 797792
801912 16 799784
801912 16 801800
801912 2048 795704
801912 2048 799784
801912 2064 799776
801912 2112 799752
801912 32 799768
801912 4096 789608
801912 4096 795680
801912 4096 795688
801912 4096 797704
801912 64 789544
801912 64 791576
801912 64 791592
801912 64 791608
801912 64 793640
801912 64 797704
801912 64 799752
801912 64 799760
801912 64 799768
801912 80 801800
801912 96 791576
801912 96 799752
