802430 0 792082
802430 0 792086
802430 0 798214
802430 0 798246
802430 0 798294
802430 0 798318
802430 0 798326
802430 0 800274
802430 0 800278
802430 0 800310
802430 0 802342
802430 0 802386
802430 0 802390
802430 12 800272
802430 12 800336
802430 16 798214
802430 16 798246
802430 16 798310
802430 2048 796244
802430 2080 795664
802430 2080 795668
802430 24 792100
802430 24 800288
802430 24 800292
802430 32 791568
802430 32 791572
802430 32 795664
802430 32 795668
802430 32 798214
802430 32 798294
802430 32 799744
802430 32 799760
802430 32 799764
802430 36 800272
802430 40 798226
802430 40 799760
802430 40 800274
802430 40 802322
802430 4096 798214
802430 4096 798294
802430 4128 796180
802430 4128 798224
802430 4128 798228
802430 4128 798230
802430 4 796240
802430 4 800336
802430 64 792082
802430 64 798214
802430 64 800274
802430 64 800278
802430 72 800274
802430 76 800272
802430 8 792082
802430 8 798214
802430 8 798246
802430 8 800274
802430 8 800306
802430 8 802322
802430 8 802338
802430 8 802342
802430 8 802386
802430 88 792100
802430 96 792082
802430 96 792086
