802428 0 790116
802428 0 791568
802428 0 791572
802428 0 791636
802428 0 792144
802428 0 792148
802428 0 794148
802428 0 794196
802428 0 796240
802428 0 796244
802428 0 796272
802428 0 796276
802428 0 798224
802428 0 798228
802428 0 798260
802428 0 798276
802428 0 798288
802428 0 798292
802428 0 798308
802428 0 798316
802428 0 798320
802428 0 798324
802428 0 799744
802428 0 799760
802428 0 799764
802428 0 799812
802428 0 799828
802428 0 800292
802428 0 800308
802428 0 800324
802428 0 800336
802428 0 800340
802428 0 800372
802428 0 802308
802428 0 802324
802428 0 802340
802428 0 802388
802428 120 794116
802428 16 794148
802428 16 798308
802428 16 800292
802428 16 802308
802428 16 802340
802428 2048 796240
802428 2048 796244
802428 2048 796276
802428 2048 799744
802428 2048 800292
802428 2072 800288
802428 24 800292
802428 32 790036
802428 32 792084
802428 32 796240
802428 32 796244
802428 32 798224
802428 32 798228
802428 32 798292
802428 32 799764
802428 32 800276
802428 32 802308
802428 32 802324
802428 4096 790116
802428 4096 796276
802428 4096 798228
802428 4096 798292
802428 4104 790116
802428 4128 798228
802428 4192 790032
802428 4192 790036
802428 64 794148
802428 64 798228
802428 64 799744
802428 64 799760
802428 64 799764
802428 64 802308
802428 72 794148
802428 72 799760
802428 80 794148
802428 8 790116
802428 8 794148
802428 8 796272
802428 8 798276
802428 8 798288
802428 8 798304
802428 8 798308
802428 8 798320
802428 8 799760
802428 8 800292
802428 8 800324
802428 8 800336
802428 8 802308
802428 8 802340
802428 96 795664
802428 96 795668
802428 96 798228
802428 96 799744
