802686 0 790378
802686 0 794194
802686 0 794434
802686 0 794442
802686 0 796490
802686 0 798474
802686 0 798538
802686 0 798546
802686 0 798562
802686 0 798570
802686 0 798578
802686 0 800546
802686 0 800554
802686 0 800592
802686 0 800594
802686 0 800618
802686 0 800634
802686 0 802386
802686 0 802562
802686 0 802570
802686 0 802594
802686 0 802626
802686 0 802634
802686 0 802642
802686 104 798226
802686 124 794370
802686 12 790306
802686 12 798498
802686 12 798544
802686 12 798560
802686 12 798562
802686 12 798576
802686 12 800592
802686 12 802626
802686 16 794434
802686 16 794442
802686 16 798562
802686 16 800546
802686 16 800554
802686 16 800618
802686 16 802562
802686 16 802594
802686 16 802626
802686 16 802634
802686 2048 800546
802686 2048 800554
802686 2048 800618
802686 2052 796498
802686 2052 796530
802686 2056 800288
802686 2056 800292
802686 2064 800586
802686 2076 800544
802686 20 794434
802686 20 802626
802686 2084 796498
802686 28 798560
802686 28 800546
802686 32 792082
802686 32 794442
802686 32 798474
802686 32 798480
802686 32 798538
802686 32 798546
802686 32 800274
802686 32 802562
802686 32 802570
802686 32 802576
802686 32 802578
802686 32 802626
802686 32 802634
802686 36 796496
802686 36 796498
802686 36 798482
802686 36 798546
802686 36 800274
802686 36 802576
802686 36 802578
802686 40 790034
802686 40 798226
802686 4096 790378
802686 4096 798546
802686 4100 796530
802686 4100 798482
802686 4100 798546
802686 4128 798482
802686 4132 798482
802686 4144 798474
802686 4196 790290
802686 4208 790282
802686 4 794434
802686 4 796496
802686 4 796498
802686 4 796528
802686 4 796530
802686 4 798482
802686 4 798514
802686 4 798544
802686 4 798546
802686 4 798562
802686 4 798576
802686 4 798578
802686 4 800546
802686 4 800592
802686 4 800594
802686 4 800626
802686 4 802386
802686 4 802562
802686 4 802578
802686 4 802626
802686 4 802642
802686 48 798538
802686 48 800586
802686 48 802626
802686 60 802562
802686 64 802562
802686 68 798482
802686 72 802322
802686 72 802578
802686 76 790306
802686 8 794402
802686 8 798546
802686 8 798562
802686 8 798578
802686 8 800546
802686 8 800592
802686 8 800594
802686 8 802322
802686 8 802562
802686 8 802578
802686 8 802594
802686 8 802626
802686 8 802642
