802815 0 790370
802815 0 790378
802815 0 791552
802815 0 794178
802815 0 794434
802815 0 798320
802815 0 798472
802815 0 798596
802815 0 798660
802815 0 799744
802815 0 802720
802815 104 795664
802815 10 800304
802815 12 790306
802815 12 792080
802815 12 792144
802815 12 792401
802815 12 794562
802815 12 796528
802815 12 798576
802815 12 799760
802815 12 799792
802815 12 800272
802815 12 800304
802815 12 800336
802815 12 800593
802815 12 802754
802815 14 792400
802815 14 796624
802815 14 796656
802815 14 798544
802815 14 798576
802815 14 798608
802815 14 798640
802815 14 798672
802815 14 798704
802815 14 800272
802815 14 800336
802815 14 800528
802815 14 800592
802815 14 800720
802815 14 802640
802815 14 802768
802815 15 798688
802815 15 800528
802815 15 800592
802815 16 791584
802815 16 792386
802815 16 794178
802815 16 794434
802815 16 794436
802815 16 794564
802815 16 798660
802815 16 799744
802815 16 799776
802815 16 802756
802815 17 794436
802815 17 794564
802815 17 798660
802815 17 802756
802815 1 798660
802815 18 794436
802815 18 794564
802815 18 796616
802815 18 798660
802815 18 798664
802815 18 800744
802815 18 802756
802815 2050 800744
802815 2052 795664
802815 2052 799744
802815 2054 796624
802815 2054 796664
802815 2056 795664
802815 2056 799744
802815 2058 800288
802815 2060 800544
802815 2060 800546
802815 2062 800544
802815 2066 800712
802815 24 792096
802815 24 794434
802815 24 794436
802815 24 794562
802815 24 794564
802815 24 799776
802815 24 800288
802815 24 802756
802815 2 796616
802815 2 798600
802815 2 798660
802815 2 798664
802815 2 800744
802815 2 800760
802815 2 802760
802815 2 802792
802815 28 792322
802815 28 792352
802815 28 792354
802815 28 800288
802815 28 800544
802815 30 794400
802815 30 800544
802815 30 802592
802815 31 802592
802815 32 798472
802815 32 798474
802815 32 798532
802815 32 798548
802815 33 798660
802815 33 802756
802815 34 798600
802815 34 798660
802815 34 798664
802815 34 802696
802815 34 802756
802815 34 802760
802815 35 798664
802815 35 802760
802815 36 792337
802815 36 794434
802815 36 794562
802815 36 800529
802815 36 802754
802815 3 796616
802815 3 798664
802815 3 800744
802815 3 802792
802815 38 796624
802815 38 798608
802815 38 798664
802815 38 798672
802815 38 800529
802815 38 802704
802815 38 802760
802815 39 798672
802815 40 794562
802815 4096 790370
802815 4096 790378
802815 4096 796272
802815 4096 798288
802815 4100 796498
802815 4100 796528
802815 4100 798544
802815 4100 798546
802815 4102 796656
802815 4102 798608
802815 4102 798672
802815 4103 796656
802815 4103 798672
802815 4108 796528
802815 4108 798544
802815 4110 796656
802815 4110 798672
802815 4128 790034
802815 4128 796176
802815 4128 796178
802815 4128 798224
802815 4128 798226
802815 4132 796432
802815 4132 798224
802815 4132 798480
802815 4134 796560
802815 4134 798480
802815 4134 798608
802815 4135 798608
802815 4140 798480
802815 4140 798608
802815 4142 798608
802815 4144 798464
802815 4144 798472
802815 4146 798472
802815 4146 798592
802815 4146 798600
802815 4147 798600
802815 4150 798600
802815 4152 798468
802815 4152 798596
802815 4153 798596
802815 4154 798596
802815 4196 788242
802815 4196 790288
802815 4196 790290
802815 4198 790416
802815 4208 790280
802815 4208 790282
802815 4210 790408
802815 4216 790404
802815 44 794385
802815 44 794562
802815 44 800529
802815 44 802577
802815 44 802754
802815 46 798672
802815 46 800528
802815 4 791568
802815 4 795664
802815 4 798320
802815 4 798576
802815 4 799744
802815 4 799760
802815 48 794434
802815 48 794564
802815 48 798660
802815 48 802628
802815 48 802756
802815 49 794564
802815 49 802628
802815 49 802756
802815 50 794564
802815 50 798600
802815 50 798664
802815 50 802628
802815 50 802696
802815 50 802756
802815 56 794562
802815 56 802754
802815 6 792401
802815 6 796616
802815 6 796624
802815 6 796656
802815 6 798544
802815 6 798576
802815 6 798608
802815 6 798640
802815 6 798664
802815 6 798672
802815 6 798704
802815 6 800593
802815 6 800720
802815 6 800728
802815 6 800744
802815 6 800760
802815 6 802768
802815 6 802792
802815 70 798608
802815 72 799744
802815 72 799760
802815 76 792080
802815 76 799760
802815 76 800256
802815 76 800272
802815 7 796624
802815 7 796656
802815 7 798608
802815 7 798640
802815 7 798672
802815 7 798704
802815 7 800720
802815 7 802768
802815 78 792336
802815 78 800272
802815 78 800528
802815 79 800528
802815 80 791584
802815 80 799744
802815 8 791568
802815 8 794434
802815 8 794562
802815 8 798530
802815 8 798546
802815 8 799744
802815 8 799760
802815 94 794400
