8658893944 0 8657837128
8658893944 0 8657837160
8658893944 0 8658883656
8658893944 0 8658885640
8658893944 0 8658885672
8658893944 0 8658885704
8658893944 16 8657837128
8658893944 16 8658883656
8658893944 16 8658885640
8658893944 16 8658885704
8658893944 2048 8657835080
8658893944 2048 8658883656
8658893944 32 8657835080
8658893944 32 8658883656
8658893944 32 8658885704
8658893944 48 8658883656
8658893944 48 8658885640
8658893944 64 8658885640
8658893944 64 8658885672
8658893944 8192 8657835080
8658893944 8192 8657837096
8658893944 8192 8657837128
8658893944 8192 8658885640
8658893944 8192 8658885672
8658893944 8208 8657837128
8658893944 8256 8657837096
