8793112190 1048600 8657835620
8793112190 1048600 8792053284
8793112190 1048600 8792053348
8793112190 1048632 8657843268
8793112190 1052792 202116096
8793112190 1052792 202116100
8793112190 1052792 202116608
8793112190 1052792 202116612
8793112190 1056768 202118144
8793112190 1056768 67900416
8793112190 1056768 67900946
8793112190 1056768 67900950
8793112190 1056768 8657837602
8793112190 1056768 8792055330
8793112190 1056776 67900946
8793112190 1056776 8657837606
8793112190 1056776 8792055330
8793112190 1056776 8792055334
8793112190 1056792 8657835556
8793112190 1056824 202118660
8793112190 1056824 202120708
8793112190 1056824 67902980
8793112190 1056832 8657835044
8793112190 1056832 8657835060
8793112190 1056840 8657837606
8793112190 1056856 8657835556
8793112190 1056888 202118660
8793112190 1056888 67900932
8793112190 1058872 202118660
8793112190 1060952 8792051204
8793112190 24 8792053284
8793112190 4144 202124800
8793112190 4144 67907072
8793112190 4152 8657841668
8793112190 48 8792060992
8793112190 56 8792060992
8793112190 56 8792060996
8793112190 8216 8792053280
8793112190 8216 8792053284
8793112190 8 8792055334
