8793112188 0 8657837636
8793112188 0 8792051236
8793112188 0 8792056904
8793112188 0 8792063044
8793112188 0 8793099336
8793112188 0 8793103368
8793112188 1048576 8657837636
8793112188 1048576 8657845316
8793112188 1048576 8792051236
8793112188 1048576 8792055396
8793112188 1048592 8657837668
8793112188 1048592 8657845316
8793112188 1048592 8657845828
8793112188 1048592 8792055396
8793112188 1048600 8657845828
8793112188 1048600 8792053348
8793112188 1048624 8657845828
8793112188 1052720 8657839112
8793112188 1052784 202116608
8793112188 1052784 202116616
8793112188 1052792 202116612
8793112188 1056768 67900436
8793112188 1056768 67900948
8793112188 1056768 8657837604
8793112188 1056768 8792053284
8793112188 1056768 8792053300
8793112188 1056776 8657837604
8793112188 1056776 8792053284
8793112188 1056776 8792055332
8793112188 1056784 8657837604
8793112188 1056816 202118144
8793112188 1056816 202118152
8793112188 1056816 67900424
8793112188 1056824 202120708
8793112188 1056840 8657837604
8793112188 1056848 8657837604
8793112188 1058816 8792053284
8793112188 1058840 8792053280
8793112188 1060976 8657832968
8793112188 12336 8793099272
8793112188 16 8657845828
8793112188 16 8792055332
8793112188 16 8792063044
8793112188 16 8792063556
8793112188 2096 8657843208
8793112188 2096 8792056840
8793112188 2096 8792060936
8793112188 24 8657845828
8793112188 24 8792063044
8793112188 24 8792063556
8793112188 4096 8792051236
8793112188 4144 8657839112
8793112188 4144 8792056840
8793112188 4152 135015940
8793112188 4152 202124800
8793112188 4152 202124804
8793112188 4152 67907076
8793112188 48 8657845828
8793112188 48 8792048648
8793112188 48 8792056840
8793112188 56 8792060996
8793112188 6192 8792056840
8793112188 64 8792055332
8793112188 8192 8792051236
8793112188 8192 8792055332
8793112188 8240 8792054792
8793112188 8240 8793103368
8793112188 8248 67902980
8793112188 8248 68951556
8793112188 8256 8792055332
8793112188 8280 8792053284
8793112188 8304 8792054792
8793112188 8 8792055332
8793112188 8 8792063044
8793112188 88 8792053284
