8793111672 0 67906568
8793111672 0 8657835080
8793111672 0 8657837128
8793111672 0 8657837144
8793111672 0 8657845256
8793111672 0 8792050728
8793111672 0 8792052808
8793111672 0 8792054856
8793111672 0 8792054888
8793111672 0 8792056904
8793111672 0 8792056952
8793111672 0 8792058888
8793111672 0 8792061000
8793111672 0 8792062984
8793111672 0 8793103368
8793111672 0 8793103400
8793111672 10240 8792052840
8793111672 1048576 8657837128
8793111672 1048576 8657837160
8793111672 1048576 8657845320
8793111672 1048576 8792052808
8793111672 1048576 8792052824
8793111672 1048576 8792054856
8793111672 1048576 8792054888
8793111672 1048592 8657837128
8793111672 1048592 8657845320
8793111672 1048592 8792052840
8793111672 1048592 8792054856
8793111672 1048608 67904528
8793111672 1048608 8657845256
8793111672 1048608 8792052808
8793111672 1048608 8792054856
8793111672 1048624 8657845256
8793111672 1048624 8792050696
8793111672 1048624 8792052808
8793111672 1048688 8792050696
8793111672 1050624 8792052808
8793111672 1052672 795664
8793111672 1052704 67904528
8793111672 1056768 8657837096
8793111672 1056784 202118152
8793111672 1056784 202120200
8793111672 1056784 67902472
8793111672 1056800 8792052760
8793111672 1056816 202120200
8793111672 112 8657837064
8793111672 112 8657843208
8793111672 112 8792050696
8793111672 112 8792056840
8793111672 112 8792058888
8793111672 112 8792060936
8793111672 16 8657835080
8793111672 16 8657837128
8793111672 16 8657845256
8793111672 16 8657845320
8793111672 16 8792052808
8793111672 16 8792052840
8793111672 16 8792054856
8793111672 16 8792061000
8793111672 16 8792062984
8793111672 16 8792063048
8793111672 16 8793099336
8793111672 16 8793103368
8793111672 2048 8792052808
8793111672 2096 8792060992
8793111672 32 202122256
8793111672 32 202124296
8793111672 32 67904528
8793111672 32 67906568
8793111672 32 8657837128
8793111672 32 8657845256
8793111672 32 8792052808
8793111672 32 8792054856
8793111672 32 8792056904
8793111672 32 8792058952
8793111672 32 8792061000
8793111672 4096 135013376
8793111672 4096 135013392
8793111672 4128 135013392
8793111672 4128 202122256
8793111672 4128 202124296
8793111672 4128 67904528
8793111672 4128 8792058952
8793111672 4208 8792050696
8793111672 4208 8792056840
8793111672 48 8657835080
8793111672 48 8657837064
8793111672 48 8657845256
8793111672 48 8792056840
8793111672 48 8792058952
8793111672 48 8792060936
8793111672 48 8792061000
8793111672 6144 8792056920
8793111672 64 8793103368
8793111672 64 8793103400
8793111672 8192 8657837064
8793111672 8192 8657837096
8793111672 8192 8792050728
8793111672 8192 8792052808
8793111672 8192 8792052856
8793111672 8192 8792054824
8793111672 8192 8792054856
8793111672 8192 8792054888
8793111672 8192 8793103368
8793111672 8192 8793103400
8793111672 8208 8792052840
8793111672 8208 8792054856
8793111672 8240 8658885640
8793111672 96 8657845256
8793111672 96 8792062984
