8793111664 0 8657837136
8793111664 0 8657845328
8793111664 1048576 8657845328
8793111664 1048608 8657841232
8793111664 1048608 8657845264
8793111664 1056800 202120208
8793111664 32 8657837120
8793111664 32 8657845264
8793111664 32 8792062992
8793111664 32 8792063040
8793111664 4096 135013392
8793111664 4096 135015440
8793111664 4096 8657841232
8793111664 4096 8792058960
8793111664 4128 135015440
8793111664 4128 202122256
8793111664 4128 202124304
8793111664 4128 67906576
8793111664 96 8657841168
8793111664 96 8792058896
