8793112184 0 67907080
8793112184 0 8792052808
8793112184 0 8792055328
8793112184 0 8792061000
8793112184 0 8793101336
8793112184 10288 8658883592
8793112184 1048624 202118208
8793112184 1048624 202118216
8793112184 1048624 67900488
8793112184 1048624 8657843272
8793112184 1052672 795664
8793112184 1052784 202116616
8793112184 1056768 8792055328
8793112184 1056784 8792055328
8793112184 1056800 202118144
8793112184 1056800 202118160
8793112184 1056800 202118672
8793112184 1056800 67900432
8793112184 1056800 67900944
8793112184 1056816 202118152
8793112184 1056816 202120200
8793112184 1056832 8657837600
8793112184 1056832 8657837608
8793112184 1058864 202118152
8793112184 16 8792052808
8793112184 16 8792052840
8793112184 2048 8792056904
8793112184 2048 8792056920
8793112184 2048 8792061000
8793112184 2080 8792056920
8793112184 2080 8792061000
8793112184 2096 8792052744
8793112184 2096 8792060936
8793112184 4096 135013392
8793112184 4144 135015944
8793112184 4144 202124800
8793112184 4144 202124808
8793112184 4144 67907080
8793112184 4144 8657841160
8793112184 4144 8792050696
8793112184 4144 8792056840
8793112184 4144 8792058888
8793112184 4176 68947464
8793112184 4176 68955656
8793112184 4208 67907072
8793112184 4208 8657832968
8793112184 48 8792060992
8793112184 48 8792061000
8793112184 8192 8792055328
8793112184 8224 8793103384
8793112184 8240 8793103368
8793112184 8288 8792052760
8793112184 8288 8793101320
