8793111676 0 67906572
8793111676 0 8658885640
8793111676 0 8792060936
8793111676 0 8792063044
8793111676 10288 8658883592
8793111676 1048576 8792052788
8793111676 1048576 8792052796
8793111676 1048576 8792052808
8793111676 1048592 8657835112
8793111676 1048592 8792052808
8793111676 1048592 8792052840
8793111676 1048624 202118208
8793111676 1048624 202118216
8793111676 1048624 67900488
8793111676 1048624 8657843208
8793111676 1048624 8657843272
8793111676 1048688 8657843208
8793111676 1050672 8792052744
8793111676 1052720 8657841160
8793111676 1052720 8792050696
8793111676 1052784 202116108
8793111676 1052784 8792050696
8793111676 1056768 8792052788
8793111676 1056768 8792052796
8793111676 1056816 202118152
8793111676 1056816 202120200
8793111676 1056816 202120204
8793111676 1056816 8792054792
8793111676 1056880 202118152
8793111676 1056880 67900424
8793111676 1058864 202118152
8793111676 1060944 202116108
8793111676 1060944 8792050696
8793111676 112 8792048648
8793111676 112 8792056840
8793111676 112 8792060936
8793111676 12368 8658881548
8793111676 16 8657837124
8793111676 16 8657845324
8793111676 16 8792056904
8793111676 16 8792058952
8793111676 16 8792063044
8793111676 2096 8792052744
8793111676 2096 8792060936
8793111676 2160 8792052744
8793111676 2160 8792056840
8793111676 32 8658885640
8793111676 32 8658885704
8793111676 4096 8792056904
8793111676 4096 8792058952
8793111676 4144 8657841160
8793111676 4144 8792056840
8793111676 4208 67898380
8793111676 48 8657843272
8793111676 48 8792060936
8793111676 48 8792060992
8793111676 48 8792061000
8793111676 48 8792063044
8793111676 8192 8792052788
8793111676 8192 8792052796
8793111676 8208 8792052808
8793111676 8208 8792052840
8793111676 8224 8658885640
8793111676 8224 8658885656
8793111676 8224 8793103384
8793111676 8240 8657837064
8793111676 8240 8658883592
8793111676 8240 8658885640
8793111676 8304 8658883592
