8793111678 0 67904596
8793111678 0 8657845316
8793111678 0 8792052788
8793111678 0 8792063044
8793111678 1048576 8657845316
8793111678 1048624 8657845316
8793111678 1052672 795668
8793111678 1052784 202116100
8793111678 1052784 202116108
8793111678 1052784 67898380
8793111678 1052792 202116100
8793111678 1056800 202118164
8793111678 1056800 67900436
8793111678 1056816 202120196
8793111678 1056816 202120204
8793111678 1056832 8657835060
8793111678 1060944 135007244
8793111678 1060944 202116100
8793111678 1060944 202116108
8793111678 1060944 67898380
8793111678 1060952 202116100
8793111678 12368 8657832972
8793111678 12368 8658881548
8793111678 4096 135013396
8793111678 4096 202122324
8793111678 4096 67904596
8793111678 48 8657845316
8793111678 48 8792063044
8793111678 56 8792060996
8793111678 6144 202122324
8793111678 6144 202122332
8793111678 6176 67904532
8793111678 8 8792063044
