33666 32768 512
67332 65536 1024
134664 131072 2048
269328 262144 4096
538656 524288 8192
4309248 4194304 65536
8618496 8388608 131072
17236992 16777216 262144
34473984 33554432 524288
68947968 67108864 1048576
551583744 536870912 8388608
1103167488 1073741824 16777216
2206334976 2147483648 33554432
4412669952 4294967296 67108864
8825339904 8589934592 134217728
70602719232 68719476736 1073741824
141205438464 137438953472 2147483648
282410876928 274877906944 4294967296
564821753856 549755813888 8589934592
1129643507712 1099511627776 17179869184
9037148061696 8796093022208 137438953472
18074296123392 17592186044416 274877906944
36148592246784 35184372088832 549755813888
72297184493568 70368744177664 1099511627776
144594368987136 140737488355328 2199023255552
