33666 2 512
67332 4 1024
134664 8 2048
269328 16 4096
538656 32 8192
4309248 256 65536
8618496 512 131072
17236992 1024 262144
34473984 2048 524288
68947968 4096 1048576
551583744 32768 8388608
1103167488 65536 16777216
2206334976 131072 33554432
4412669952 262144 67108864
8825339904 524288 134217728
70602719232 4194304 1073741824
141205438464 8388608 2147483648
282410876928 16777216 4294967296
564821753856 33554432 8589934592
1129643507712 67108864 17179869184
9037148061696 536870912 137438953472
18074296123392 1073741824 274877906944
36148592246784 2147483648 549755813888
72297184493568 4294967296 1099511627776
144594368987136 8589934592 2199023255552

