33666 128 512
67332 256 1024
134664 512 2048
269328 1024 4096
538656 2048 8192
4309248 16384 65536
8618496 32768 131072
17236992 65536 262144
34473984 131072 524288
68947968 262144 1048576
551583744 2097152 8388608
1103167488 4194304 16777216
2206334976 8388608 33554432
4412669952 16777216 67108864
8825339904 33554432 134217728
70602719232 268435456 1073741824
141205438464 536870912 2147483648
282410876928 1073741824 4294967296
564821753856 2147483648 8589934592
1129643507712 4294967296 17179869184
9037148061696 34359738368 137438953472
18074296123392 68719476736 274877906944
36148592246784 137438953472 549755813888
72297184493568 274877906944 1099511627776
144594368987136 549755813888 2199023255552

