33666 512 128
67332 1024 256
134664 2048 512
269328 4096 1024
538656 8192 2048
4309248 65536 16384
8618496 131072 32768
17236992 262144 65536
34473984 524288 131072
68947968 1048576 262144
551583744 8388608 2097152
1103167488 16777216 4194304
2206334976 33554432 8388608
4412669952 67108864 16777216
8825339904 134217728 33554432
70602719232 1073741824 268435456
141205438464 2147483648 536870912
282410876928 4294967296 1073741824
564821753856 8589934592 2147483648
1129643507712 17179869184 4294967296
9037148061696 137438953472 34359738368
18074296123392 274877906944 68719476736
36148592246784 549755813888 137438953472
72297184493568 1099511627776 274877906944
144594368987136 2199023255552 549755813888

